EXP split_seed random_seed PICP_test MPIW_test RMSE R2 qd_loss NLL alpha loss data h_size bstraps ensemb soft lambda_in
1 1 10 0.882 1.005 3.079 0.898 1.534 3.431 0.05 qd_soft ~boston [50] 1 1  160.0 15.0
2 1 20 0.843 1.036 3.254 0.886 2.313 3.212 0.05 qd_soft ~boston [50] 1 1  160.0 15.0
3 1 30 0.863 0.939 3.021 0.902 1.781 2.84 0.05 qd_soft ~boston [50] 1 1  160.0 15.0
4 1 40 0.784 1.044 3.043 0.9 4.067 2.773 0.05 qd_soft ~boston [50] 1 1  160.0 15.0
5 1 50 0.824 1.053 3.302 0.883 2.808 3.225 0.05 qd_soft ~boston [50] 1 1  160.0 15.0
6 2 10 0.902 1.059 2.818 0.892 1.327 2.677 0.05 qd_soft ~boston [50] 1 1  160.0 15.0
7 2 20 0.804 0.948 3.474 0.836 3.282 3.533 0.05 qd_soft ~boston [50] 1 1  160.0 15.0
8 2 30 0.843 0.911 3.334 0.849 2.151 3.238 0.05 qd_soft ~boston [50] 1 1  160.0 15.0
9 2 40 0.882 1.047 3.202 0.861 1.539 2.705 0.05 qd_soft ~boston [50] 1 1  160.0 15.0
10 2 50 0.922 0.988 2.93 0.884 1.114 18.821 0.05 qd_soft ~boston [50] 1 1  160.0 15.0
11 3 10 0.863 0.954 2.645 0.903 1.83 3.809 0.05 qd_soft ~boston [50] 1 1  160.0 15.0
12 3 20 0.824 0.902 2.708 0.898 2.647 2.502 0.05 qd_soft ~boston [50] 1 1  160.0 15.0
13 3 30 0.863 1.052 3.271 0.851 1.946 3.331 0.05 qd_soft ~boston [50] 1 1  160.0 15.0
14 3 40 0.824 0.821 2.973 0.877 2.577 3.904 0.05 qd_soft ~boston [50] 1 1  160.0 15.0
15 3 50 0.804 0.878 3.197 0.858 3.221 3.912 0.05 qd_soft ~boston [50] 1 1  160.0 15.0
16 4 10 0.804 0.987 3.416 0.858 3.287 3.505 0.05 qd_soft ~boston [50] 1 1  160.0 15.0
17 4 20 0.765 0.873 3.466 0.854 4.613 3.705 0.05 qd_soft ~boston [50] 1 1  160.0 15.0
18 4 30 0.706 0.784 3.599 0.842 7.26 9.198 0.05 qd_soft ~boston [50] 1 1  160.0 15.0
19 4 40 0.745 0.993 3.83 0.821 5.561 4.064 0.05 qd_soft ~boston [50] 1 1  160.0 15.0
20 4 50 0.765 0.865 3.661 0.837 4.609 3.545 0.05 qd_soft ~boston [50] 1 1  160.0 15.0
21 5 10 0.784 0.916 3.111 0.882 3.917 17.222 0.05 qd_soft ~boston [50] 1 1  160.0 15.0
22 5 20 0.824 1.019 3.405 0.858 2.822 25.569 0.05 qd_soft ~boston [50] 1 1  160.0 15.0
23 5 30 0.882 0.996 3.062 0.885 1.541 2.873 0.05 qd_soft ~boston [50] 1 1  160.0 15.0
24 5 40 0.863 0.957 2.85 0.901 1.835 4.04 0.05 qd_soft ~boston [50] 1 1  160.0 15.0
25 5 50 0.765 0.877 3.174 0.877 4.575 3.075 0.05 qd_soft ~boston [50] 1 1  160.0 15.0
