0.000000000000000000e+00 6.304999999999999716e+01 3.875000000000000000e+01 2.407999999999999918e+00 4.893604308186340068e-01
0.000000000000000000e+00 6.529999999999999716e+01 4.010000000000000142e+01 2.370000000000000107e+00 4.603824041372079900e-01
0.000000000000000000e+00 6.484999999999999432e+01 4.504999999999999716e+01 2.333000000000000185e+00 4.081292292092629781e-01
0.000000000000000000e+00 5.495000000000000284e+01 4.100000000000000000e+01 2.297000000000000153e+00 3.662484905005110036e-01
0.000000000000000000e+00 5.989999999999999858e+01 3.875000000000000000e+01 2.261000000000000121e+00 4.034363908640680174e-01
0.000000000000000000e+00 6.125000000000000000e+01 4.054999999999999716e+01 2.225999999999999979e+00 3.616450222135410009e-01
0.000000000000000000e+00 5.810000000000000142e+01 4.010000000000000142e+01 2.192000000000000171e+00 3.297078472420830186e-01
3.937010000000000232e-01 5.764999999999999858e+01 4.235000000000000142e+01 2.161999999999999922e+00 3.161770091111070213e-01
1.299212999999999951e+00 5.000000000000000000e+01 3.425000000000000000e+01 2.203000000000000291e+00 6.135290164797539969e-01
9.842520000000000158e-01 5.404999999999999716e+01 3.514999999999999858e+01 5.161000000000000476e+00 1.772636674976260096e+00
0.000000000000000000e+00 5.810000000000000142e+01 3.425000000000000000e+01 3.012000000000000011e+00 1.021160557247460021e+00
0.000000000000000000e+00 5.495000000000000284e+01 3.470000000000000284e+01 2.563000000000000167e+00 7.640164517857730431e-01
0.000000000000000000e+00 6.035000000000000142e+01 3.425000000000000000e+01 2.406000000000000139e+00 6.441156135198390364e-01
0.000000000000000000e+00 6.260000000000000142e+01 3.875000000000000000e+01 2.314999999999999947e+00 5.582307661857950354e-01
0.000000000000000000e+00 6.035000000000000142e+01 4.010000000000000142e+01 2.251999999999999780e+00 5.039721668758629924e-01
0.000000000000000000e+00 6.260000000000000142e+01 4.054999999999999716e+01 2.204000000000000181e+00 4.412487047870580215e-01
0.000000000000000000e+00 6.484999999999999432e+01 4.235000000000000142e+01 2.164000000000000146e+00 3.987533065561589818e-01
0.000000000000000000e+00 6.575000000000000000e+01 4.189999999999999858e+01 2.126999999999999780e+00 3.754857125333390111e-01
0.000000000000000000e+00 6.575000000000000000e+01 4.325000000000000000e+01 2.092000000000000082e+00 3.524686054396929946e-01
0.000000000000000000e+00 6.665000000000000568e+01 4.279999999999999716e+01 2.059000000000000163e+00 3.251869977191069738e-01
4.330709999999999837e-01 5.270000000000000284e+01 4.279999999999999716e+01 2.032000000000000028e+00 4.317382630101380125e-01
5.511810000000000320e-01 5.450000000000000000e+01 4.145000000000000284e+01 2.004000000000000004e+00 7.166083380914970435e-01
0.000000000000000000e+00 5.629999999999999716e+01 3.964999999999999858e+01 1.965000000000000080e+00 6.698273915544109558e-01
0.000000000000000000e+00 6.529999999999999716e+01 3.785000000000000142e+01 1.933999999999999941e+00 5.088606908332860002e-01
0.000000000000000000e+00 6.529999999999999716e+01 4.235000000000000142e+01 1.903999999999999915e+00 4.222658466718730019e-01
0.000000000000000000e+00 6.395000000000000284e+01 4.279999999999999716e+01 1.875000000000000000e+00 3.754857125333390111e-01
0.000000000000000000e+00 6.214999999999999858e+01 4.189999999999999858e+01 1.846000000000000085e+00 3.433332005538359821e-01
3.149609999999999910e-01 4.639999999999999858e+01 3.470000000000000284e+01 1.820000000000000062e+00 3.478957523202469981e-01
6.692919999999999980e-01 4.054999999999999716e+01 3.064999999999999858e+01 1.799000000000000155e+00 4.990925924214890119e-01
4.133859999999999757e-01 3.785000000000000142e+01 2.975000000000000000e+01 1.768000000000000016e+00 6.441156135198390364e-01
5.708659999999999846e-01 4.460000000000000142e+01 2.525000000000000000e+01 2.262999999999999901e+00 5.782210913338400315e-01
0.000000000000000000e+00 4.279999999999999716e+01 2.164999999999999858e+01 1.925999999999999934e+00 6.905403611722570334e-01
0.000000000000000000e+00 4.685000000000000142e+01 2.839999999999999858e+01 1.838000000000000078e+00 6.543762179634180498e-01
0.000000000000000000e+00 5.404999999999999716e+01 3.110000000000000142e+01 1.790999999999999925e+00 6.287855072919560362e-01
0.000000000000000000e+00 5.450000000000000000e+01 3.110000000000000142e+01 1.754000000000000004e+00 6.186062877821210115e-01
0.000000000000000000e+00 5.450000000000000000e+01 3.335000000000000142e+01 1.723000000000000087e+00 5.983468949705189610e-01
0.000000000000000000e+00 5.585000000000000142e+01 3.335000000000000142e+01 1.693999999999999950e+00 5.782210913338400315e-01
0.000000000000000000e+00 5.675000000000000000e+01 3.829999999999999716e+01 1.666999999999999815e+00 5.482870168275909561e-01
0.000000000000000000e+00 4.010000000000000142e+01 3.470000000000000284e+01 1.641000000000000014e+00 5.532545811957749748e-01
1.574800000000000089e-01 4.685000000000000142e+01 3.200000000000000000e+01 1.616999999999999993e+00 6.389974443807919791e-01
0.000000000000000000e+00 4.595000000000000284e+01 3.155000000000000071e+01 1.590000000000000080e+00 6.749937491685640278e-01
2.952760000000000384e-01 4.054999999999999716e+01 2.569999999999999929e+01 1.568999999999999950e+00 6.646689998293919821e-01
0.000000000000000000e+00 3.829999999999999716e+01 2.255000000000000071e+01 1.541999999999999815e+00 6.698273915544109558e-01
0.000000000000000000e+00 5.989999999999999858e+01 2.389999999999999858e+01 1.518000000000000016e+00 6.033992915580459471e-01
0.000000000000000000e+00 5.450000000000000000e+01 3.289999999999999858e+01 1.493999999999999995e+00 6.033992915580459471e-01
0.000000000000000000e+00 5.314999999999999858e+01 3.470000000000000284e+01 1.471000000000000085e+00 6.033992915580459471e-01
0.000000000000000000e+00 5.629999999999999716e+01 3.335000000000000142e+01 1.448000000000000176e+00 5.782210913338400315e-01
0.000000000000000000e+00 5.089999999999999858e+01 3.379999999999999716e+01 1.425999999999999934e+00 5.383778764157319818e-01
0.000000000000000000e+00 5.225000000000000000e+01 3.604999999999999716e+01 1.403999999999999915e+00 5.186644504308709491e-01
0.000000000000000000e+00 5.225000000000000000e+01 3.470000000000000284e+01 1.381999999999999895e+00 5.039721668758629924e-01
0.000000000000000000e+00 4.864999999999999858e+01 3.560000000000000142e+01 1.360000000000000098e+00 4.796644869834740255e-01
3.149609999999999910e-01 4.325000000000000000e+01 2.975000000000000000e+01 1.342000000000000082e+00 6.033992915580459471e-01
0.000000000000000000e+00 5.539999999999999858e+01 3.019999999999999929e+01 1.318000000000000060e+00 5.933028473944580439e-01
0.000000000000000000e+00 5.629999999999999716e+01 3.289999999999999858e+01 1.298000000000000043e+00 5.235796184615579829e-01
0.000000000000000000e+00 5.945000000000000284e+01 3.289999999999999858e+01 1.276999999999999913e+00 4.748301860282400089e-01
0.000000000000000000e+00 4.864999999999999858e+01 3.829999999999999716e+01 1.256999999999999895e+00 4.460180859781640028e-01
1.968500000000000111e-02 3.920000000000000284e+01 2.480000000000000071e+01 1.237999999999999989e+00 4.317382630101380125e-01
0.000000000000000000e+00 4.685000000000000142e+01 2.480000000000000071e+01 1.217999999999999972e+00 3.940800191526679930e-01
0.000000000000000000e+00 4.820000000000000284e+01 2.525000000000000000e+01 1.199000000000000066e+00 3.570517113906400142e-01
0.000000000000000000e+00 5.495000000000000284e+01 2.839999999999999858e+01 1.179999999999999938e+00 3.616450222135410009e-01
0.000000000000000000e+00 5.450000000000000000e+01 3.110000000000000142e+01 1.161999999999999922e+00 3.387809992345570120e-01
0.000000000000000000e+00 5.135000000000000142e+01 3.379999999999999716e+01 1.143999999999999906e+00 3.342391980399390117e-01
3.543310000000000071e-01 3.739999999999999858e+01 2.525000000000000000e+01 1.131999999999999895e+00 3.387809992345570120e-01
4.527560000000000473e-01 3.875000000000000000e+01 1.130000000000000071e+01 1.118000000000000105e+00 3.847630088832820205e-01
0.000000000000000000e+00 4.325000000000000000e+01 1.040000000000000036e+01 1.090999999999999970e+00 2.938394933547859855e-01
0.000000000000000000e+00 4.820000000000000284e+01 1.939999999999999858e+01 1.072999999999999954e+00 3.072096518154109890e-01
0.000000000000000000e+00 5.135000000000000142e+01 2.614999999999999858e+01 1.056999999999999940e+00 3.524686054396929946e-01
0.000000000000000000e+00 4.595000000000000284e+01 2.750000000000000000e+01 1.040000000000000036e+00 3.297078472420830186e-01
0.000000000000000000e+00 4.954999999999999716e+01 2.389999999999999858e+01 1.024000000000000021e+00 3.116879749196759808e-01
0.000000000000000000e+00 4.729999999999999716e+01 2.660000000000000142e+01 1.008000000000000007e+00 2.805677235904480149e-01
0.000000000000000000e+00 3.920000000000000284e+01 1.625000000000000000e+01 9.917000000000000259e-01 2.717753036800660271e-01
1.771650000000000169e-01 3.425000000000000000e+01 1.534999999999999964e+01 9.765000000000000346e-01 2.242329422366330094e-01
0.000000000000000000e+00 3.379999999999999716e+01 1.534999999999999964e+01 9.607999999999999874e-01 3.161770091111070213e-01
5.511810000000000320e-01 2.794999999999999929e+01 1.490000000000000036e+01 9.456999999999999851e-01 2.370595392317400019e-01
6.299219999999999819e-01 3.200000000000000000e+01 2.210000000000000142e+01 9.307999999999999607e-01 3.251869977191069738e-01
6.496069999999999345e-01 2.569999999999999929e+01 1.084999999999999964e+01 9.162000000000000144e-01 3.387809992345570120e-01
2.755909999999999749e-01 1.400000000000000000e+01 9.499999999999999556e-01 9.018000000000000460e-01 2.543256393843740248e-01
0.000000000000000000e+00 1.985000000000000142e+01 -1.750000000000000000e+00 8.875999999999999446e-01 1.864058192889440080e-01
0.000000000000000000e+00 3.155000000000000071e+01 2.750000000000000000e+00 8.736000000000000432e-01 2.199811975876979908e-01
0.000000000000000000e+00 3.514999999999999858e+01 9.949999999999999289e+00 8.598999999999999977e-01 2.805677235904480149e-01
0.000000000000000000e+00 3.739999999999999858e+01 1.309999999999999964e+01 8.464000000000000412e-01 2.805677235904480149e-01
0.000000000000000000e+00 3.920000000000000284e+01 1.490000000000000036e+01 8.330999999999999517e-01 2.543256393843740248e-01
3.543310000000000071e-01 3.560000000000000142e+01 1.400000000000000000e+01 8.199999999999999512e-01 2.327721823932019929e-01
5.118110000000000159e-01 2.614999999999999858e+01 6.799999999999999822e+00 8.071000000000000396e-01 2.761659317878680242e-01
2.952760000000000384e-01 1.760000000000000142e+01 3.649999999999999911e+00 7.943999999999999950e-01 2.242329422366330094e-01
4.133859999999999757e-01 2.435000000000000142e+01 5.900000000000000355e+00 7.819000000000000394e-01 2.030950544584259887e-01
3.346459999999999990e-01 3.739999999999999858e+01 1.985000000000000142e+01 7.695999999999999508e-01 2.284966271171010033e-01
0.000000000000000000e+00 4.189999999999999858e+01 1.714999999999999858e+01 7.574999999999999512e-01 2.157414640324120114e-01
0.000000000000000000e+00 4.595000000000000284e+01 2.255000000000000071e+01 7.456000000000000405e-01 2.199811975876979908e-01
0.000000000000000000e+00 4.189999999999999858e+01 2.255000000000000071e+01 7.338000000000000078e-01 1.989040952901119930e-01
0.000000000000000000e+00 3.650000000000000000e+01 2.389999999999999858e+01 7.223000000000000531e-01 2.030950544584259887e-01
2.362210000000000143e-01 3.155000000000000071e+01 1.894999999999999929e+01 7.108999999999999764e-01 2.284966271171010033e-01
0.000000000000000000e+00 3.695000000000000284e+01 1.714999999999999858e+01 6.997999999999999776e-01 1.658288341211719974e-01
0.000000000000000000e+00 3.829999999999999716e+01 2.255000000000000071e+01 6.886999999999999789e-01 2.072983189288349903e-01
0.000000000000000000e+00 3.920000000000000284e+01 2.839999999999999858e+01 6.778999999999999471e-01 2.199811975876979908e-01
0.000000000000000000e+00 3.785000000000000142e+01 2.119999999999999929e+01 6.673000000000000043e-01 2.115138134833919881e-01
0.000000000000000000e+00 3.695000000000000284e+01 2.344999999999999929e+01 6.568000000000000504e-01 1.740211131670849898e-01
0.000000000000000000e+00 3.875000000000000000e+01 1.850000000000000000e+01 6.463999999999999746e-01 1.989040952901119930e-01
0.000000000000000000e+00 4.370000000000000284e+01 1.805000000000000071e+01 6.362999999999999767e-01 1.335884897121570047e-01
0.000000000000000000e+00 4.550000000000000000e+01 1.669999999999999929e+01 6.261999999999999789e-01 9.453613083846020004e-02
0.000000000000000000e+00 4.370000000000000284e+01 1.625000000000000000e+01 6.163999999999999480e-01 9.837626172617350284e-02
0.000000000000000000e+00 4.189999999999999858e+01 1.714999999999999858e+01 6.067000000000000171e-01 1.256643448314440081e-01
0.000000000000000000e+00 4.370000000000000284e+01 1.985000000000000142e+01 5.971999999999999531e-01 1.415677869709980052e-01
1.574800000000000089e-01 4.325000000000000000e+01 2.210000000000000142e+01 5.877999999999999892e-01 1.740211131670849898e-01
2.755909999999999749e-01 2.660000000000000142e+01 1.490000000000000036e+01 5.785000000000000142e-01 1.781365941540760112e-01
9.842499999999999860e-02 2.930000000000000071e+01 7.700000000000000178e+00 5.694000000000000172e-01 1.296194727709419903e-01
1.574800000000000089e-01 3.289999999999999858e+01 1.040000000000000036e+01 5.604999999999999982e-01 6.436185476293029839e-02
1.377950000000000008e-01 3.200000000000000000e+01 1.850000000000000000e+01 5.515999999999999792e-01 1.496014471661069878e-01
2.559059999999999668e-01 2.750000000000000000e+01 9.050000000000000711e+00 5.429999999999999272e-01 1.496014471661069878e-01
0.000000000000000000e+00 2.614999999999999858e+01 8.599999999999999645e+00 5.343999999999999861e-01 6.807925998089700559e-02
3.346459999999999990e-01 2.839999999999999858e+01 8.599999999999999645e+00 5.260000000000000231e-01 8.690066889552600093e-02
5.708659999999999846e-01 2.930000000000000071e+01 1.894999999999999929e+01 5.177000000000000490e-01 1.375712942948890127e-01
5.511810000000000320e-01 2.525000000000000000e+01 8.599999999999999645e+00 5.096000000000000529e-01 1.099848167593209941e-01
3.149609999999999910e-01 1.444999999999999929e+01 -1.300000000000000044e+00 5.016000000000000458e-01 4.601705790944070340e-02
0.000000000000000000e+00 2.975000000000000000e+01 -2.200000000000000178e+00 4.937000000000000277e-01 4.239761286572780313e-02
3.740159999999999596e-01 2.839999999999999858e+01 1.040000000000000036e+01 4.858999999999999986e-01 1.496014471661069878e-01
2.755909999999999749e-01 2.210000000000000142e+01 -4.450000000000000178e+00 4.783000000000000029e-01 1.375712942948890127e-01
0.000000000000000000e+00 1.760000000000000142e+01 -4.450000000000000178e+00 4.707999999999999963e-01 1.455778699532480069e-01
2.952760000000000384e-01 1.669999999999999929e+01 -4.000000000000000000e+00 4.632999999999999896e-01 9.453613083846020004e-02
3.346459999999999990e-01 1.850000000000000000e+01 5.900000000000000355e+00 4.561000000000000054e-01 1.335884897121570047e-01
2.165360000000000062e-01 1.669999999999999929e+01 5.000000000000000000e-01 4.489000000000000212e-01 1.217232091191560034e-01
1.771650000000000169e-01 2.705000000000000071e+01 -3.549999999999999822e+00 4.418000000000000260e-01 7.556135626971149932e-02
0.000000000000000000e+00 2.344999999999999929e+01 5.000000000000000278e-02 4.349000000000000088e-01 7.556135626971149932e-02
2.165360000000000062e-01 2.750000000000000000e+01 -1.750000000000000000e+00 4.279999999999999916e-01 7.932577155863709817e-02
1.377950000000000008e-01 2.480000000000000071e+01 1.399999999999999911e+00 4.213000000000000078e-01 7.556135626971149932e-02
2.362210000000000143e-01 2.839999999999999858e+01 5.450000000000000178e+00 4.147000000000000131e-01 7.932577155863709817e-02
0.000000000000000000e+00 3.560000000000000142e+01 1.219999999999999929e+01 4.081000000000000183e-01 8.690066889552600093e-02
0.000000000000000000e+00 4.189999999999999858e+01 2.030000000000000071e+01 4.017000000000000015e-01 8.690066889552600093e-02
0.000000000000000000e+00 4.279999999999999716e+01 2.030000000000000071e+01 3.953999999999999737e-01 8.310558599444249628e-02
0.000000000000000000e+00 4.189999999999999858e+01 1.894999999999999929e+01 3.891999999999999904e-01 8.310558599444249628e-02
0.000000000000000000e+00 3.964999999999999858e+01 1.534999999999999964e+01 3.830999999999999961e-01 7.181247361419700048e-02
0.000000000000000000e+00 3.695000000000000284e+01 1.444999999999999929e+01 3.770000000000000018e-01 7.556135626971149932e-02
1.377950000000000008e-01 3.110000000000000142e+01 1.805000000000000071e+01 3.710999999999999854e-01 7.556135626971149932e-02
1.771650000000000169e-01 3.289999999999999858e+01 1.850000000000000000e+01 3.653000000000000136e-01 7.181247361419700048e-02
1.968499999999999972e-01 3.064999999999999858e+01 1.850000000000000000e+01 3.594999999999999862e-01 7.181247361419700048e-02
0.000000000000000000e+00 3.200000000000000000e+01 1.084999999999999964e+01 3.538999999999999924e-01 6.436185476293029839e-02
0.000000000000000000e+00 3.695000000000000284e+01 6.799999999999999822e+00 3.482999999999999985e-01 5.330593088223840176e-02
0.000000000000000000e+00 3.785000000000000142e+01 1.040000000000000036e+01 3.427999999999999936e-01 3.520952453095019946e-02
0.000000000000000000e+00 3.289999999999999858e+01 1.219999999999999929e+01 3.373999999999999777e-01 6.807925998089700559e-02
0.000000000000000000e+00 3.920000000000000284e+01 1.400000000000000000e+01 3.321000000000000063e-01 4.601705790944070340e-02
0.000000000000000000e+00 3.739999999999999858e+01 1.669999999999999929e+01 3.269000000000000239e-01 6.066040046476910141e-02
2.559059999999999668e-01 2.975000000000000000e+01 9.949999999999999289e+00 3.216999999999999860e-01 6.436185476293029839e-02
0.000000000000000000e+00 2.480000000000000071e+01 -8.499999999999999778e-01 3.166999999999999815e-01 4.239761286572780313e-02
0.000000000000000000e+00 2.435000000000000142e+01 -4.900000000000000355e+00 3.116999999999999771e-01 4.239761286572780313e-02
0.000000000000000000e+00 3.064999999999999858e+01 2.750000000000000000e+00 3.068000000000000171e-01 4.239761286572780313e-02
0.000000000000000000e+00 3.289999999999999858e+01 7.700000000000000178e+00 3.019999999999999907e-01 2.455697690152080018e-02
0.000000000000000000e+00 3.964999999999999858e+01 1.939999999999999858e+01 2.972000000000000197e-01 5.697504281458400099e-02
0.000000000000000000e+00 4.820000000000000284e+01 2.075000000000000000e+01 2.924999999999999822e-01 3.520952453095019946e-02
0.000000000000000000e+00 4.775000000000000000e+01 2.300000000000000000e+01 2.878999999999999893e-01 3.520952453095019946e-02
0.000000000000000000e+00 3.604999999999999716e+01 2.210000000000000142e+01 2.833999999999999853e-01 4.601705790944070340e-02
0.000000000000000000e+00 3.875000000000000000e+01 1.850000000000000000e+01 2.789999999999999702e-01 4.239761286572780313e-02
1.377950000000000008e-01 3.110000000000000142e+01 2.344999999999999929e+01 2.746000000000000107e-01 4.239761286572780313e-02
2.362210000000000143e-01 3.289999999999999858e+01 1.490000000000000036e+01 2.701999999999999957e-01 4.601705790944070340e-02
1.574800000000000089e-01 2.480000000000000071e+01 1.084999999999999964e+01 2.660000000000000142e-01 2.104140283787180044e-02
9.842499999999999860e-02 3.289999999999999858e+01 1.850000000000000000e+01 2.617999999999999772e-01 3.164122097740219852e-02
1.771650000000000169e-01 3.829999999999999716e+01 2.164999999999999858e+01 2.576999999999999846e-01 3.879504581514180150e-02
2.165360000000000062e-01 3.200000000000000000e+01 2.300000000000000000e+01 2.535999999999999921e-01 3.879504581514180150e-02
3.149609999999999910e-01 4.460000000000000142e+01 2.210000000000000142e+01 2.495999999999999885e-01 2.809031147936279921e-02
0.000000000000000000e+00 4.685000000000000142e+01 2.075000000000000000e+01 2.457000000000000017e-01 1.060317490647169972e-02
0.000000000000000000e+00 4.595000000000000284e+01 2.255000000000000071e+01 2.419000000000000039e-01 2.104140283787180044e-02
0.000000000000000000e+00 4.460000000000000142e+01 2.614999999999999858e+01 2.380000000000000171e-01 4.601705790944070340e-02
0.000000000000000000e+00 4.550000000000000000e+01 2.255000000000000071e+01 2.343000000000000083e-01 2.455697690152080018e-02
0.000000000000000000e+00 3.785000000000000142e+01 2.119999999999999929e+01 2.305999999999999994e-01 3.879504581514180150e-02
0.000000000000000000e+00 3.964999999999999858e+01 1.714999999999999858e+01 2.269999999999999796e-01 4.965321720329640004e-02
0.000000000000000000e+00 4.054999999999999716e+01 1.625000000000000000e+01 2.233999999999999875e-01 1.754377981223570124e-02
0.000000000000000000e+00 4.639999999999999858e+01 2.030000000000000071e+01 2.199000000000000121e-01 3.164122097740219852e-02
0.000000000000000000e+00 5.000000000000000000e+01 2.164999999999999858e+01 2.164000000000000090e-01 4.601705790944070340e-02
0.000000000000000000e+00 3.964999999999999858e+01 1.669999999999999929e+01 2.129999999999999949e-01 5.697504281458400099e-02
0.000000000000000000e+00 2.119999999999999929e+01 1.850000000000000089e+00 2.096999999999999975e-01 6.436185476293029839e-02
0.000000000000000000e+00 2.389999999999999858e+01 5.000000000000000000e+00 2.064000000000000001e-01 1.406430349063900014e-02
0.000000000000000000e+00 3.829999999999999716e+01 1.040000000000000036e+01 2.031000000000000028e-01 2.809031147936279921e-02
0.000000000000000000e+00 4.235000000000000142e+01 1.625000000000000000e+01 1.998999999999999944e-01 5.330593088223840176e-02
0.000000000000000000e+00 3.425000000000000000e+01 1.760000000000000142e+01 1.968000000000000027e-01 5.697504281458400099e-02
3.740159999999999596e-01 2.300000000000000000e+01 7.700000000000000178e+00 1.937000000000000111e-01 6.066040046476910141e-02
6.299219999999999819e-01 2.255000000000000071e+01 1.084999999999999964e+01 1.907000000000000084e-01 4.965321720329640004e-02
6.496069999999999345e-01 3.289999999999999858e+01 1.444999999999999929e+01 1.877000000000000057e-01 3.879504581514180150e-02
0.000000000000000000e+00 3.650000000000000000e+01 1.084999999999999964e+01 1.847000000000000031e-01 3.879504581514180150e-02
1.181099999999999928e-01 3.155000000000000071e+01 1.219999999999999929e+01 1.817999999999999894e-01 3.164122097740219852e-02
1.771650000000000169e-01 2.480000000000000071e+01 9.499999999999999556e-01 1.789000000000000035e-01 3.520952453095019946e-02
3.149609999999999910e-01 2.569999999999999929e+01 7.700000000000000178e+00 1.761000000000000065e-01 4.239761286572780313e-02
6.692919999999999980e-01 2.569999999999999929e+01 3.649999999999999911e+00 1.733000000000000096e-01 7.160600699408820394e-03
9.448819999999999997e-01 2.930000000000000071e+01 1.534999999999999964e+01 1.706000000000000016e-01 3.879504581514180150e-02
8.464570000000000149e-01 3.425000000000000000e+01 1.805000000000000071e+01 1.678999999999999937e-01 6.066040046476910141e-02
4.527560000000000473e-01 2.210000000000000142e+01 1.265000000000000036e+01 1.653000000000000025e-01 2.455697690152080018e-02
2.755909999999999749e-01 2.030000000000000071e+01 -4.900000000000000355e+00 1.627000000000000113e-01 1.754377981223570124e-02
0.000000000000000000e+00 3.155000000000000071e+01 -4.450000000000000178e+00 1.600999999999999923e-01 1.754377981223570124e-02
0.000000000000000000e+00 3.964999999999999858e+01 9.949999999999999289e+00 1.575999999999999901e-01 2.455697690152080018e-02
0.000000000000000000e+00 4.414999999999999858e+01 1.265000000000000036e+01 1.550999999999999879e-01 2.809031147936279921e-02
0.000000000000000000e+00 4.550000000000000000e+01 1.534999999999999964e+01 1.527000000000000024e-01 2.455697690152080018e-02
0.000000000000000000e+00 4.279999999999999716e+01 1.580000000000000071e+01 1.502999999999999892e-01 2.455697690152080018e-02
0.000000000000000000e+00 4.639999999999999858e+01 1.625000000000000000e+01 1.479000000000000037e-01 2.455697690152080018e-02
0.000000000000000000e+00 4.504999999999999716e+01 1.805000000000000071e+01 1.456000000000000072e-01 3.164122097740219852e-02
0.000000000000000000e+00 4.235000000000000142e+01 2.300000000000000000e+01 1.433000000000000107e-01 5.697504281458400099e-02
0.000000000000000000e+00 4.145000000000000284e+01 2.344999999999999929e+01 1.411000000000000032e-01 6.807925998089700559e-02
0.000000000000000000e+00 4.910000000000000142e+01 2.030000000000000071e+01 1.388000000000000067e-01 4.601705790944070340e-02
0.000000000000000000e+00 5.629999999999999716e+01 2.480000000000000071e+01 1.366999999999999882e-01 7.181247361419700048e-02
0.000000000000000000e+00 5.404999999999999716e+01 3.064999999999999858e+01 1.345000000000000084e-01 1.217232091191560034e-01
0.000000000000000000e+00 5.314999999999999858e+01 3.019999999999999929e+01 1.323999999999999899e-01 1.947255177977759988e-01
0.000000000000000000e+00 4.100000000000000000e+01 3.019999999999999929e+01 1.302999999999999992e-01 3.116879749196759808e-01
0.000000000000000000e+00 4.100000000000000000e+01 2.210000000000000142e+01 1.282999999999999974e-01 3.987533065561589818e-01
0.000000000000000000e+00 4.820000000000000284e+01 2.075000000000000000e+01 1.262000000000000066e-01 4.507968552593289990e-01
0.000000000000000000e+00 4.910000000000000142e+01 2.435000000000000142e+01 1.242000000000000048e-01 5.285036007667589519e-01
0.000000000000000000e+00 4.820000000000000284e+01 2.614999999999999858e+01 1.223000000000000059e-01 5.782210913338400315e-01
1.574800000000000089e-01 4.235000000000000142e+01 2.569999999999999929e+01 1.203999999999999931e-01 6.287855072919560362e-01
1.968499999999999972e-01 3.650000000000000000e+01 1.490000000000000036e+01 1.184999999999999942e-01 6.492418803083870316e-01
1.574800000000000089e-01 3.064999999999999858e+01 1.400000000000000000e+01 1.165999999999999953e-01 5.832399160618210177e-01
1.968499999999999972e-01 4.460000000000000142e+01 1.580000000000000071e+01 1.147999999999999993e-01 4.555849740443180251e-01
0.000000000000000000e+00 5.089999999999999858e+01 2.525000000000000000e+01 1.130000000000000032e-01 5.137581300062989964e-01
0.000000000000000000e+00 5.179999999999999716e+01 2.794999999999999929e+01 1.111999999999999933e-01 6.646689998293919821e-01
0.000000000000000000e+00 5.000000000000000000e+01 2.839999999999999858e+01 1.093999999999999972e-01 9.429492128480100321e-01
0.000000000000000000e+00 5.045000000000000284e+01 2.885000000000000142e+01 1.077000000000000041e-01 1.158237414637010021e+00
0.000000000000000000e+00 5.270000000000000284e+01 2.975000000000000000e+01 1.059999999999999970e-01 1.352574526969569924e+00
0.000000000000000000e+00 4.460000000000000142e+01 2.839999999999999858e+01 1.044000000000000067e-01 1.584208153837290078e+00
0.000000000000000000e+00 3.920000000000000284e+01 1.669999999999999929e+01 1.026999999999999996e-01 1.655713216504270058e+00
0.000000000000000000e+00 3.514999999999999858e+01 1.534999999999999964e+01 1.010999999999999954e-01 2.033449557128019780e+00
0.000000000000000000e+00 4.595000000000000284e+01 1.580000000000000071e+01 9.951000000000000123e-02 1.902618577953880008e+00
0.000000000000000000e+00 4.729999999999999716e+01 2.569999999999999929e+01 9.794999999999999540e-02 1.719599930690919987e+00
0.000000000000000000e+00 4.775000000000000000e+01 3.155000000000000071e+01 9.640999999999999570e-02 1.668628258652500085e+00
0.000000000000000000e+00 4.504999999999999716e+01 2.885000000000000142e+01 9.489000000000000212e-02 1.832880481316869981e+00
0.000000000000000000e+00 4.010000000000000142e+01 1.894999999999999929e+01 9.339999999999999691e-02 1.957443170553430090e+00
0.000000000000000000e+00 3.875000000000000000e+01 1.894999999999999929e+01 9.192999999999999783e-02 1.953655049892699891e+00
0.000000000000000000e+00 4.639999999999999858e+01 2.389999999999999858e+01 9.048000000000000487e-02 1.988446252951509896e+00
0.000000000000000000e+00 4.685000000000000142e+01 2.480000000000000071e+01 8.906000000000000028e-02 2.045468128417220033e+00
0.000000000000000000e+00 4.504999999999999716e+01 2.614999999999999858e+01 8.766000000000000181e-02 1.993564380027319949e+00
0.000000000000000000e+00 5.089999999999999858e+01 2.614999999999999858e+01 8.627999999999999559e-02 2.162627916947959861e+00
0.000000000000000000e+00 5.045000000000000284e+01 2.839999999999999858e+01 8.492000000000000937e-02 2.353408476338420208e+00
0.000000000000000000e+00 3.470000000000000284e+01 1.355000000000000071e+01 8.358000000000000151e-02 2.577908537958570001e+00
3.543310000000000071e-01 3.379999999999999716e+01 1.850000000000000000e+01 8.227000000000000979e-02 2.425024359281460207e+00
8.267719999999999514e-01 3.604999999999999716e+01 1.219999999999999929e+01 8.097000000000000031e-02 2.349357469755999794e+00
6.299219999999999819e-01 3.155000000000000071e+01 1.175000000000000000e+01 7.969999999999999307e-02 2.200437933460099860e+00
2.165360000000000062e-01 4.010000000000000142e+01 2.210000000000000142e+01 7.845000000000000584e-02 1.915014859280540049e+00
1.574800000000000089e-01 4.235000000000000142e+01 2.210000000000000142e+01 7.721000000000000085e-02 1.806862411446950034e+00
0.000000000000000000e+00 4.775000000000000000e+01 2.344999999999999929e+01 7.599999999999999811e-02 1.692904805860530049e+00
0.000000000000000000e+00 5.000000000000000000e+01 2.614999999999999858e+01 7.480000000000000537e-02 1.646797980693810004e+00
0.000000000000000000e+00 4.550000000000000000e+01 2.525000000000000000e+01 7.362000000000000488e-02 1.814838360996190003e+00
1.181099999999999928e-01 4.325000000000000000e+01 2.389999999999999858e+01 7.247000000000000663e-02 1.869188016251849938e+00
1.771650000000000169e-01 4.279999999999999716e+01 2.705000000000000071e+01 7.132999999999999063e-02 1.801974436260050050e+00
2.952760000000000384e-01 4.100000000000000000e+01 2.569999999999999929e+01 7.023000000000000076e-02 1.660988313914850023e+00
3.740159999999999596e-01 4.775000000000000000e+01 2.344999999999999929e+01 6.947000000000000397e-02 1.692015856639869975e+00
0.000000000000000000e+00 5.135000000000000142e+01 2.344999999999999929e+01 6.804999999999999938e-02 1.951446351793370004e+00
0.000000000000000000e+00 5.360000000000000142e+01 2.930000000000000071e+01 6.698999999999999400e-02 2.078029889929089880e+00
0.000000000000000000e+00 5.629999999999999716e+01 3.289999999999999858e+01 6.596000000000000474e-02 2.446742818673940167e+00
0.000000000000000000e+00 5.314999999999999858e+01 3.470000000000000284e+01 6.510000000000000508e-02 2.926966313525840135e+00
0.000000000000000000e+00 5.314999999999999858e+01 3.245000000000000284e+01 6.410000000000000420e-02 3.250297862191060094e+00
0.000000000000000000e+00 5.135000000000000142e+01 3.155000000000000071e+01 6.308999999999999331e-02 3.522429769783680165e+00
2.165360000000000062e-01 4.864999999999999858e+01 3.200000000000000000e+01 6.237999999999999795e-02 3.499192262771159800e+00
3.740159999999999596e-01 4.145000000000000284e+01 3.379999999999999716e+01 6.140000000000000319e-02 3.170453456370120104e+00
8.858270000000000310e-01 4.325000000000000000e+01 3.155000000000000071e+01 6.087999999999999662e-02 2.874677124431129993e+00
5.314959999999999685e-01 4.685000000000000142e+01 2.839999999999999858e+01 8.317999999999999006e-02 2.788251358584930006e+00
1.968499999999999972e-01 4.820000000000000284e+01 2.750000000000000000e+01 1.284000000000000030e+00 2.757956453274890141e+00
4.724409999999999998e-01 3.829999999999999716e+01 2.300000000000000000e+01 3.061999999999999833e+00 2.766386299303429830e+00
2.952760000000000384e-01 3.875000000000000000e+01 2.435000000000000142e+01 3.217000000000000082e+00 2.459094886690699866e+00
1.574800000000000089e-01 4.775000000000000000e+01 1.939999999999999858e+01 3.056000000000000050e+00 2.388555378789929851e+00
0.000000000000000000e+00 5.270000000000000284e+01 3.019999999999999929e+01 4.006000000000000227e+00 2.193382644220609912e+00
0.000000000000000000e+00 4.864999999999999858e+01 3.155000000000000071e+01 3.870999999999999996e+00 2.502029695141089860e+00
0.000000000000000000e+00 4.775000000000000000e+01 3.155000000000000071e+01 3.587000000000000188e+00 2.640250362623179914e+00
3.543310000000000071e-01 3.650000000000000000e+01 2.210000000000000142e+01 1.868000000000000105e+00 2.770140610895360123e+00
4.133859999999999757e-01 3.739999999999999858e+01 2.389999999999999858e+01 2.470000000000000195e+00 2.789904176593799967e+00
4.921260000000000079e-01 4.504999999999999716e+01 2.885000000000000142e+01 5.912999999999998479e+00 2.652387972438179808e+00
2.559059999999999668e-01 5.135000000000000142e+01 3.019999999999999929e+01 8.447000000000000952e+00 2.682965991944759931e+00
4.527560000000000473e-01 4.145000000000000284e+01 2.794999999999999929e+01 6.916000000000000369e+00 2.911196564590179836e+00
2.362210000000000143e-01 4.685000000000000142e+01 2.525000000000000000e+01 6.089999999999999858e+00 2.801070995503200045e+00
0.000000000000000000e+00 5.089999999999999858e+01 3.245000000000000284e+01 5.121000000000000441e+00 2.919072367187289796e+00
4.330709999999999837e-01 4.595000000000000284e+01 3.155000000000000071e+01 7.207000000000001627e+00 3.076147334541659895e+00
2.952760000000000384e-01 4.325000000000000000e+01 2.750000000000000000e+01 6.597999999999999865e+00 3.469479606461780108e+00
3.346459999999999990e-01 4.100000000000000000e+01 2.480000000000000071e+01 6.363999999999999879e+00 3.390500668644819804e+00
3.740159999999999596e-01 4.685000000000000142e+01 3.064999999999999858e+01 8.585000000000000853e+00 3.200232902900959964e+00
1.181099999999999928e-01 4.864999999999999858e+01 3.200000000000000000e+01 9.695999999999999730e+00 3.366866742434199811e+00
9.842499999999999860e-02 5.404999999999999716e+01 3.335000000000000142e+01 1.026999999999999957e+01 3.604356451183519994e+00
0.000000000000000000e+00 5.179999999999999716e+01 2.930000000000000071e+01 6.868999999999999773e+00 4.205747868903440434e+00
1.574800000000000089e-01 5.000000000000000000e+01 2.885000000000000142e+01 8.750999999999999446e+00 4.556786725958679618e+00
0.000000000000000000e+00 5.629999999999999716e+01 3.110000000000000142e+01 7.091000000000000192e+00 5.100698689012959974e+00
0.000000000000000000e+00 5.764999999999999858e+01 3.785000000000000142e+01 7.139999999999999680e+00 8.078989383453379247e+00
0.000000000000000000e+00 5.945000000000000284e+01 3.920000000000000284e+01 6.157000000000000028e+00 1.176819049614459978e+01
0.000000000000000000e+00 6.079999999999999716e+01 3.650000000000000000e+01 6.065000000000000391e+00 1.583211319542449935e+01
0.000000000000000000e+00 5.989999999999999858e+01 3.785000000000000142e+01 5.870000000000000107e+00 1.601863722805740053e+01
0.000000000000000000e+00 6.260000000000000142e+01 3.739999999999999858e+01 5.948999999999999844e+00 1.513354805890680055e+01
0.000000000000000000e+00 4.910000000000000142e+01 3.650000000000000000e+01 4.281000000000001471e+00 1.355893304061019933e+01
1.968499999999999972e-01 4.460000000000000142e+01 3.379999999999999716e+01 4.919999999999999929e+00 1.294801816678399931e+01
2.165360000000000062e-01 5.720000000000000284e+01 3.245000000000000284e+01 7.777000000000000135e+00 1.306343671130099970e+01
0.000000000000000000e+00 6.079999999999999716e+01 3.425000000000000000e+01 6.254999999999999893e+00 1.346592641033410054e+01
0.000000000000000000e+00 6.529999999999999716e+01 3.920000000000000284e+01 6.419999999999999929e+00 1.505574314830809968e+01
0.000000000000000000e+00 5.135000000000000142e+01 3.829999999999999716e+01 4.828000000000000291e+00 1.641213251042719889e+01
3.937010000000000232e-01 5.629999999999999716e+01 3.425000000000000000e+01 7.827999999999998515e+00 2.095737936617389963e+01
4.330709999999999837e-01 5.675000000000000000e+01 3.470000000000000284e+01 1.001999999999999957e+01 1.654878876959610068e+01
0.000000000000000000e+00 6.170000000000000284e+01 3.604999999999999716e+01 6.772000000000000242e+00 1.700744449741409881e+01
1.968499999999999972e-01 5.720000000000000284e+01 3.604999999999999716e+01 7.131000000000000227e+00 1.636423931497839845e+01
0.000000000000000000e+00 6.035000000000000142e+01 3.739999999999999858e+01 5.792000000000001592e+00 1.542374900278290006e+01
3.346459999999999990e-01 5.810000000000000142e+01 3.829999999999999716e+01 7.653999999999999915e+00 1.721496761908050033e+01
3.346459999999999990e-01 6.484999999999999432e+01 3.829999999999999716e+01 8.878000000000000114e+00 1.712725693681949934e+01
0.000000000000000000e+00 6.754999999999999716e+01 4.235000000000000142e+01 6.214999999999999858e+00 1.559591972407270077e+01
0.000000000000000000e+00 6.754999999999999716e+01 4.370000000000000284e+01 5.662000000000000810e+00 1.418692271067170019e+01
0.000000000000000000e+00 6.934999999999999432e+01 4.370000000000000284e+01 5.065000000000000391e+00 1.206061184222319937e+01
0.000000000000000000e+00 6.979999999999999716e+01 4.550000000000000000e+01 4.738999999999999879e+00 1.036924378436900085e+01
0.000000000000000000e+00 6.979999999999999716e+01 4.820000000000000284e+01 4.530000000000000249e+00 9.453645135604940464e+00
0.000000000000000000e+00 6.934999999999999432e+01 4.504999999999999716e+01 4.355000000000000426e+00 8.764583937749959475e+00
0.000000000000000000e+00 6.620000000000000284e+01 4.279999999999999716e+01 4.241000000000000547e+00 8.602863783664590258e+00
0.000000000000000000e+00 6.754999999999999716e+01 4.235000000000000142e+01 4.153000000000000469e+00 8.000958923168180803e+00
0.000000000000000000e+00 6.934999999999999432e+01 4.639999999999999858e+01 4.076999999999999957e+00 7.043876818163940179e+00
0.000000000000000000e+00 6.934999999999999432e+01 4.460000000000000142e+01 4.008000000000000007e+00 6.654994435178539725e+00
0.000000000000000000e+00 7.025000000000000000e+01 4.550000000000000000e+01 3.943000000000000060e+00 6.082763640312790265e+00
0.000000000000000000e+00 6.890000000000000568e+01 4.414999999999999858e+01 3.879999999999999893e+00 5.677666567183900170e+00
0.000000000000000000e+00 7.340000000000000568e+01 4.685000000000000142e+01 3.818999999999999950e+00 5.261329861334280267e+00
0.000000000000000000e+00 6.890000000000000568e+01 4.910000000000000142e+01 3.758999999999999897e+00 4.982846136935820347e+00
0.000000000000000000e+00 6.845000000000000284e+01 4.595000000000000284e+01 3.700000000000000178e+00 4.106873448499990253e+00
2.165360000000000062e-01 6.484999999999999432e+01 4.414999999999999858e+01 3.642999999999999794e+00 3.579763177244279948e+00
3.740159999999999596e-01 6.484999999999999432e+01 4.189999999999999858e+01 3.586000000000000298e+00 3.304422194124779999e+00
2.559059999999999668e-01 5.404999999999999716e+01 4.279999999999999716e+01 3.630999999999999783e+00 2.862261243372920205e+00
2.755909999999999749e-01 6.079999999999999716e+01 4.145000000000000284e+01 4.211000000000000298e+00 2.790819801391399846e+00
3.346459999999999990e-01 5.450000000000000000e+01 4.100000000000000000e+01 4.658999999999999808e+00 1.794444501880730014e+00
5.708659999999999846e-01 5.135000000000000142e+01 3.695000000000000284e+01 6.987000000000000099e+00 1.137851206130120030e+00
5.118110000000000159e-01 5.989999999999999858e+01 3.604999999999999716e+01 7.961000000000000298e+00 1.285952247611769961e+00
1.968499999999999972e-01 5.764999999999999858e+01 3.875000000000000000e+01 5.718999999999998529e+00 1.215750232152430055e+00
0.000000000000000000e+00 5.764999999999999858e+01 3.875000000000000000e+01 4.528999999999999915e+00 1.530962137896840103e+00
9.842499999999999860e-02 6.350000000000000000e+01 4.460000000000000142e+01 4.251999999999999780e+00 1.640005001232450077e+00
1.574800000000000089e-01 6.395000000000000284e+01 4.414999999999999858e+01 4.131999999999999673e+00 1.624973612296499947e+00
2.952760000000000384e-01 6.214999999999999858e+01 3.829999999999999716e+01 4.423000000000000043e+00 1.553183706573320055e+00
3.740159999999999596e-01 5.810000000000000142e+01 3.785000000000000142e+01 4.947000000000000064e+00 1.490156437032960079e+00
2.362210000000000143e-01 6.214999999999999858e+01 3.920000000000000284e+01 4.847999999999999865e+00 1.380607049442760026e+00
0.000000000000000000e+00 6.170000000000000284e+01 4.325000000000000000e+01 4.198000000000000398e+00 1.275756818020649996e+00
1.771650000000000169e-01 5.810000000000000142e+01 4.370000000000000284e+01 3.960999999999999854e+00 1.205884514461359913e+00
0.000000000000000000e+00 5.360000000000000142e+01 4.010000000000000142e+01 3.826999999999999957e+00 1.431075085329039931e+00
2.362210000000000143e-01 6.484999999999999432e+01 4.054999999999999716e+01 3.883000000000000007e+00 1.443677153739469921e+00
3.543310000000000071e-01 5.360000000000000142e+01 4.235000000000000142e+01 4.317000000000000171e+00 1.104707740565380014e+00
2.755909999999999749e-01 6.260000000000000142e+01 4.235000000000000142e+01 4.644999999999999574e+00 8.328668298998750386e-01
0.000000000000000000e+00 6.575000000000000000e+01 4.460000000000000142e+01 4.033999999999999808e+00 8.418759761640149941e-01
0.000000000000000000e+00 5.314999999999999858e+01 4.100000000000000000e+01 3.821000000000000174e+00 8.984217348475590503e-01
4.133859999999999757e-01 6.484999999999999432e+01 3.875000000000000000e+01 3.938000000000000167e+00 7.902017095137420233e-01
0.000000000000000000e+00 5.675000000000000000e+01 4.279999999999999716e+01 3.728000000000000203e+00 7.479530124851549999e-01
0.000000000000000000e+00 6.440000000000000568e+01 4.279999999999999716e+01 3.625000000000000000e+00 6.986904762293849602e-01
0.000000000000000000e+00 6.350000000000000000e+01 4.189999999999999858e+01 3.548999999999999932e+00 6.608302984602729691e-01
0.000000000000000000e+00 6.575000000000000000e+01 4.235000000000000142e+01 3.483999999999999986e+00 6.239841331652009604e-01
0.000000000000000000e+00 6.845000000000000284e+01 4.279999999999999716e+01 3.424999999999999822e+00 6.610620207691070283e-01
0.000000000000000000e+00 6.350000000000000000e+01 4.504999999999999716e+01 3.370000000000000107e+00 6.690365650663290253e-01
0.000000000000000000e+00 6.484999999999999432e+01 4.370000000000000284e+01 3.316000000000000281e+00 6.438294308140880551e-01
4.724409999999999998e-01 5.810000000000000142e+01 4.504999999999999716e+01 3.269000000000000128e+00 6.040822824024439930e-01
3.937010000000000232e-01 5.854999999999999716e+01 4.279999999999999716e+01 3.218999999999999861e+00 6.090208867230589851e-01
4.133859999999999757e-01 6.170000000000000284e+01 3.875000000000000000e+01 3.169000000000000039e+00 5.509775258453449842e-01
0.000000000000000000e+00 6.620000000000000284e+01 4.279999999999999716e+01 3.113999999999999879e+00 5.247774259580479939e-01
0.000000000000000000e+00 6.170000000000000284e+01 4.550000000000000000e+01 3.064999999999999947e+00 5.115875289341169641e-01
0.000000000000000000e+00 6.125000000000000000e+01 4.279999999999999716e+01 3.016999999999999904e+00 5.410688770714290330e-01
1.574800000000000089e-01 6.035000000000000142e+01 3.964999999999999858e+01 2.971000000000000085e+00 5.133472462635390032e-01
0.000000000000000000e+00 6.304999999999999716e+01 4.010000000000000142e+01 2.923999999999999932e+00 4.923560739241200079e-01
0.000000000000000000e+00 6.665000000000000568e+01 4.189999999999999858e+01 2.878000000000000114e+00 4.518911691925669993e-01
1.574800000000000089e-01 5.989999999999999858e+01 4.504999999999999716e+01 2.834000000000000075e+00 4.582959590679980266e-01
3.149609999999999910e-01 6.440000000000000568e+01 4.279999999999999716e+01 2.793000000000000149e+00 4.825032553051840090e-01
0.000000000000000000e+00 6.709999999999999432e+01 4.325000000000000000e+01 2.745000000000000107e+00 5.939474455835980216e-01
0.000000000000000000e+00 6.800000000000000000e+01 4.504999999999999716e+01 2.701999999999999957e+00 8.327021403925419785e-01
0.000000000000000000e+00 6.979999999999999716e+01 4.685000000000000142e+01 2.660000000000000142e+00 7.962975033808129544e-01
0.000000000000000000e+00 6.845000000000000284e+01 4.685000000000000142e+01 2.618000000000000327e+00 7.925923901982889763e-01
2.559059999999999668e-01 6.260000000000000142e+01 3.829999999999999716e+01 2.579000000000000181e+00 8.086895383796040004e-01
3.740159999999999596e-01 5.989999999999999858e+01 3.739999999999999858e+01 2.541999999999999815e+00 7.122863176890119608e-01
0.000000000000000000e+00 5.764999999999999858e+01 3.739999999999999858e+01 2.496999999999999886e+00 7.101558675444989976e-01
0.000000000000000000e+00 6.260000000000000142e+01 3.875000000000000000e+01 2.458000000000000185e+00 6.574364466434110543e-01
0.000000000000000000e+00 6.395000000000000284e+01 4.100000000000000000e+01 2.419000000000000039e+00 6.312320144055529880e-01
0.000000000000000000e+00 6.440000000000000568e+01 4.279999999999999716e+01 2.380999999999999783e+00 6.190914781562669722e-01
0.000000000000000000e+00 6.575000000000000000e+01 4.370000000000000284e+01 2.343999999999999861e+00 6.683766429000860265e-01
0.000000000000000000e+00 6.754999999999999716e+01 4.414999999999999858e+01 2.306999999999999940e+00 5.726400793933740241e-01
0.000000000000000000e+00 6.754999999999999716e+01 4.639999999999999858e+01 2.270999999999999908e+00 5.641124488711870555e-01
2.559059999999999668e-01 5.989999999999999858e+01 4.504999999999999716e+01 2.237000000000000099e+00 6.800302017349589834e-01
1.003937999999999997e+00 5.089999999999999858e+01 3.920000000000000284e+01 2.213999999999999968e+00 8.077270232605370248e-01
4.921260000000000079e-01 6.170000000000000284e+01 3.785000000000000142e+01 2.173000000000000043e+00 7.720054419007179591e-01
0.000000000000000000e+00 6.484999999999999432e+01 4.189999999999999858e+01 2.132000000000000117e+00 8.022176990131659746e-01
0.000000000000000000e+00 6.665000000000000568e+01 4.370000000000000284e+01 2.098000000000000309e+00 8.324299561256139901e-01
1.181099999999999928e-01 5.720000000000000284e+01 4.145000000000000284e+01 2.065999999999999837e+00 8.626422132380630048e-01
2.755909999999999749e-01 6.260000000000000142e+01 4.054999999999999716e+01 2.036000000000000032e+00 8.928544703505110203e-01
4.330709999999999837e-01 6.125000000000000000e+01 3.964999999999999858e+01 2.007000000000000117e+00 9.230667274629590358e-01
5.118110000000000159e-01 5.000000000000000000e+01 4.010000000000000142e+01 1.981999999999999984e+00 9.532789845754070512e-01
5.511810000000000320e-01 4.639999999999999858e+01 3.920000000000000284e+01 2.724000000000000199e+00 9.834912416878549557e-01
4.133859999999999757e-01 5.360000000000000142e+01 4.010000000000000142e+01 3.157999999999999918e+00 1.013703498800299974e+00
2.559059999999999668e-01 5.810000000000000142e+01 3.964999999999999858e+01 2.746000000000000441e+00 1.043915755912750098e+00
2.165360000000000062e-01 5.539999999999999858e+01 3.964999999999999858e+01 2.484999999999999876e+00 1.074128013025200001e+00
2.559059999999999668e-01 5.900000000000000000e+01 3.785000000000000142e+01 2.495000000000000107e+00 1.104340270137649904e+00
0.000000000000000000e+00 6.260000000000000142e+01 3.739999999999999858e+01 2.278000000000000025e+00 1.134552527250100029e+00
0.000000000000000000e+00 6.214999999999999858e+01 3.920000000000000284e+01 2.181000000000000050e+00 1.164764784362539940e+00
0.000000000000000000e+00 6.214999999999999858e+01 4.010000000000000142e+01 2.120999999999999996e+00 1.194977041474990065e+00
0.000000000000000000e+00 6.529999999999999716e+01 4.010000000000000142e+01 2.073999999999999844e+00 1.225189298587439968e+00
0.000000000000000000e+00 6.079999999999999716e+01 4.010000000000000142e+01 2.036000000000000032e+00 1.255401555699890093e+00
0.000000000000000000e+00 5.629999999999999716e+01 4.054999999999999716e+01 2.000999999999999890e+00 1.285613812812339996e+00
8.070869999999999989e-01 4.639999999999999858e+01 3.829999999999999716e+01 1.979000000000000092e+00 1.315826069924789898e+00
3.543310000000000071e-01 5.450000000000000000e+01 4.279999999999999716e+01 1.979000000000000092e+00 1.346038327037230031e+00
0.000000000000000000e+00 5.585000000000000142e+01 4.145000000000000284e+01 1.933000000000000052e+00 1.376250584149679934e+00
0.000000000000000000e+00 5.404999999999999716e+01 3.650000000000000000e+01 1.901000000000000023e+00 1.406462841262130059e+00
0.000000000000000000e+00 5.720000000000000284e+01 3.560000000000000142e+01 1.870999999999999996e+00 1.436675098374579962e+00
0.000000000000000000e+00 6.079999999999999716e+01 3.470000000000000284e+01 1.842000000000000082e+00 1.466887355487030087e+00
0.000000000000000000e+00 6.484999999999999432e+01 3.785000000000000142e+01 1.812999999999999945e+00 1.497099612599469998e+00
0.000000000000000000e+00 5.854999999999999716e+01 4.100000000000000000e+01 1.784999999999999920e+00 1.527311869711919901e+00
0.000000000000000000e+00 6.079999999999999716e+01 3.964999999999999858e+01 1.756999999999999895e+00 1.557524126824370025e+00
0.000000000000000000e+00 6.484999999999999432e+01 3.829999999999999716e+01 1.729999999999999982e+00 1.587736383936819928e+00
0.000000000000000000e+00 6.484999999999999432e+01 4.100000000000000000e+01 1.703000000000000069e+00 1.617948641049270053e+00
0.000000000000000000e+00 6.620000000000000284e+01 4.100000000000000000e+01 1.676999999999999824e+00 1.648160898161719956e+00
0.000000000000000000e+00 6.529999999999999716e+01 3.829999999999999716e+01 1.651000000000000023e+00 1.678373155274160089e+00
0.000000000000000000e+00 6.304999999999999716e+01 4.010000000000000142e+01 1.625000000000000000e+00 1.708585412386609992e+00
0.000000000000000000e+00 6.125000000000000000e+01 4.010000000000000142e+01 1.600000000000000089e+00 1.738797669499059895e+00
0.000000000000000000e+00 5.720000000000000284e+01 4.279999999999999716e+01 1.574999999999999956e+00 1.769009926611510020e+00
0.000000000000000000e+00 6.350000000000000000e+01 4.279999999999999716e+01 1.550000000000000044e+00 1.799222183723959922e+00
0.000000000000000000e+00 5.629999999999999716e+01 3.514999999999999858e+01 1.526000000000000023e+00 1.829434440836410047e+00
0.000000000000000000e+00 5.225000000000000000e+01 3.200000000000000000e+01 1.501999999999999780e+00 1.859646697948849958e+00
0.000000000000000000e+00 5.450000000000000000e+01 3.470000000000000284e+01 1.479000000000000092e+00 1.889858955061300083e+00
1.968499999999999972e-01 4.550000000000000000e+01 3.650000000000000000e+01 1.457000000000000073e+00 1.920071212173749986e+00
1.968499999999999972e-01 5.225000000000000000e+01 3.335000000000000142e+01 1.435999999999999943e+00 1.980040524867120011e+00
0.000000000000000000e+00 5.225000000000000000e+01 3.335000000000000142e+01 1.411000000000000032e+00 2.043296586513120072e+00
0.000000000000000000e+00 5.720000000000000284e+01 3.289999999999999858e+01 1.387999999999999901e+00 2.011595223052120129e+00
0.000000000000000000e+00 5.720000000000000284e+01 3.695000000000000284e+01 1.366999999999999993e+00 1.974671583954259901e+00
0.000000000000000000e+00 6.079999999999999716e+01 3.695000000000000284e+01 1.344999999999999973e+00 2.021515534911499934e+00
0.000000000000000000e+00 5.629999999999999716e+01 3.785000000000000142e+01 1.324000000000000066e+00 2.154649598482099915e+00
0.000000000000000000e+00 5.989999999999999858e+01 3.560000000000000142e+01 1.303000000000000158e+00 1.783352569688839928e+00
0.000000000000000000e+00 5.945000000000000284e+01 3.514999999999999858e+01 1.282999999999999918e+00 1.842544740287239913e+00
0.000000000000000000e+00 6.079999999999999716e+01 3.514999999999999858e+01 1.262999999999999901e+00 1.930549106273300008e+00
0.000000000000000000e+00 6.035000000000000142e+01 3.514999999999999858e+01 1.243000000000000105e+00 1.832974298240299893e+00
0.000000000000000000e+00 5.675000000000000000e+01 3.604999999999999716e+01 1.223000000000000087e+00 1.885101916145319967e+00
0.000000000000000000e+00 5.179999999999999716e+01 3.650000000000000000e+01 1.203999999999999959e+00 1.850116511358919968e+00
9.842499999999999860e-02 4.504999999999999716e+01 3.829999999999999716e+01 1.185999999999999943e+00 1.907802167393439996e+00
2.952760000000000384e-01 4.189999999999999858e+01 3.289999999999999858e+01 1.169999999999999929e+00 1.682000177804960028e+00
3.740159999999999596e-01 4.595000000000000284e+01 3.289999999999999858e+01 1.153999999999999915e+00 9.756765575126840062e-01
0.000000000000000000e+00 4.100000000000000000e+01 3.245000000000000284e+01 1.131000000000000005e+00 9.561534874261909955e-01
5.708659999999999846e-01 3.335000000000000142e+01 3.110000000000000142e+01 1.114999999999999991e+00 9.552343125930490286e-01
4.527560000000000473e-01 4.189999999999999858e+01 2.389999999999999858e+01 1.094999999999999973e+00 8.643052356603989628e-01
0.000000000000000000e+00 4.460000000000000142e+01 1.985000000000000142e+01 1.078000000000000069e+00 8.496161885821790216e-01
0.000000000000000000e+00 4.820000000000000284e+01 2.885000000000000142e+01 1.060999999999999943e+00 1.045699721083299893e+00
1.574800000000000089e-01 3.964999999999999858e+01 2.480000000000000071e+01 1.044000000000000039e+00 9.101455964814240129e-01
1.771650000000000169e-01 3.560000000000000142e+01 1.444999999999999929e+01 1.028000000000000025e+00 1.044125800543119986e+00
2.165360000000000062e-01 3.964999999999999858e+01 1.580000000000000071e+01 1.012000000000000011e+00 1.310756028139790086e+00
0.000000000000000000e+00 4.279999999999999716e+01 2.839999999999999858e+01 9.957000000000000295e-01 1.073415932908619919e+00
1.377950000000000008e-01 3.335000000000000142e+01 2.300000000000000000e+01 9.799999999999999822e-01 8.146740283185369691e-01
0.000000000000000000e+00 4.504999999999999716e+01 2.660000000000000142e+01 9.646000000000000130e-01 8.295236990836419855e-01
0.000000000000000000e+00 4.820000000000000284e+01 2.660000000000000142e+01 9.494000000000000217e-01 9.546560520915720049e-01
0.000000000000000000e+00 5.089999999999999858e+01 2.975000000000000000e+01 9.344999999999999973e-01 1.004988452177689950e+00
0.000000000000000000e+00 4.550000000000000000e+01 2.839999999999999858e+01 9.197999999999999510e-01 9.739828855357709481e-01
4.133859999999999757e-01 3.289999999999999858e+01 1.985000000000000142e+01 9.053999999999999826e-01 9.488285562333299561e-01
4.133859999999999757e-01 2.975000000000000000e+01 1.760000000000000142e+01 8.911000000000000032e-01 1.088817827981140018e+00
3.346459999999999990e-01 2.614999999999999858e+01 3.200000000000000178e+00 8.770999999999999908e-01 4.802981028883139825e-01
2.362210000000000143e-01 3.604999999999999716e+01 4.549999999999999822e+00 8.632999999999999563e-01 2.964981201973900249e-01
0.000000000000000000e+00 4.100000000000000000e+01 1.490000000000000036e+01 8.497000000000000108e-01 8.389283026902559781e-01
0.000000000000000000e+00 4.054999999999999716e+01 1.669999999999999929e+01 8.363000000000000433e-01 1.045015718424930018e+00
3.149609999999999910e-01 3.604999999999999716e+01 1.850000000000000000e+01 8.232000000000000428e-01 1.239122080209960064e+00
2.362210000000000143e-01 2.164999999999999858e+01 6.349999999999999645e+00 8.102000000000000313e-01 7.017020027219570411e-01
0.000000000000000000e+00 3.514999999999999858e+01 8.599999999999999645e+00 7.974999999999999867e-01 6.747857165247550526e-01
0.000000000000000000e+00 4.010000000000000142e+01 1.130000000000000071e+01 7.849000000000000421e-01 6.590041497141460036e-01
0.000000000000000000e+00 4.279999999999999716e+01 1.625000000000000000e+01 7.725999999999999535e-01 7.100629433539500379e-01
0.000000000000000000e+00 4.010000000000000142e+01 1.805000000000000071e+01 7.603999999999999648e-01 8.508282787653229651e-01
4.921260000000000079e-01 2.794999999999999929e+01 2.119999999999999929e+01 7.485000000000000542e-01 7.259745113912019487e-01
2.362210000000000143e-01 2.480000000000000071e+01 1.534999999999999964e+01 7.367000000000000215e-01 6.167272354005529644e-01
1.574800000000000089e-01 2.660000000000000142e+01 1.939999999999999858e+01 7.250999999999999668e-01 4.932201298650110144e-01
1.181099999999999928e-01 3.379999999999999716e+01 1.939999999999999858e+01 7.137000000000000011e-01 4.643120045223350090e-01
0.000000000000000000e+00 3.245000000000000284e+01 2.750000000000000000e+00 7.025000000000000133e-01 4.372169956766350229e-01
0.000000000000000000e+00 2.885000000000000142e+01 -8.499999999999999778e-01 6.914000000000000146e-01 4.972194375828800084e-01
0.000000000000000000e+00 4.189999999999999858e+01 1.265000000000000036e+01 6.805999999999999828e-01 5.972810232542860032e-01
0.000000000000000000e+00 4.189999999999999858e+01 1.534999999999999964e+01 6.699000000000000510e-01 6.548278493331030070e-01
0.000000000000000000e+00 3.739999999999999858e+01 1.850000000000000000e+01 6.592999999999999972e-01 6.284946829000950252e-01
0.000000000000000000e+00 3.604999999999999716e+01 2.075000000000000000e+01 6.489000000000000323e-01 5.223579536231679477e-01
1.771650000000000169e-01 3.064999999999999858e+01 1.580000000000000071e+01 6.387000000000000455e-01 3.294649083360829955e-01
0.000000000000000000e+00 2.750000000000000000e+01 1.714999999999999858e+01 6.287000000000000366e-01 3.735098407444609747e-01
0.000000000000000000e+00 2.839999999999999858e+01 1.355000000000000071e+01 6.188000000000000167e-01 3.540275426813679904e-01
0.000000000000000000e+00 2.300000000000000000e+01 1.130000000000000071e+01 6.090999999999999748e-01 4.829718059903920224e-01
1.771650000000000169e-01 1.175000000000000000e+01 3.200000000000000178e+00 5.995000000000000329e-01 4.745786116555930079e-01
0.000000000000000000e+00 2.164999999999999858e+01 5.000000000000000000e-01 5.900999999999999579e-01 5.781626996094120230e-01
0.000000000000000000e+00 3.379999999999999716e+01 4.549999999999999822e+00 5.807999999999999829e-01 6.545931611200449529e-01
0.000000000000000000e+00 3.739999999999999858e+01 1.130000000000000071e+01 5.715999999999999970e-01 7.745756411721119727e-01
0.000000000000000000e+00 4.100000000000000000e+01 1.580000000000000071e+01 5.625999999999999890e-01 8.343764322107130038e-01
2.165360000000000062e-01 2.480000000000000071e+01 3.200000000000000178e+00 5.537999999999999590e-01 3.433971643024359977e-01
1.377950000000000008e-01 3.739999999999999858e+01 5.450000000000000178e+00 5.451000000000000290e-01 3.484870480974229801e-01
0.000000000000000000e+00 4.189999999999999858e+01 1.444999999999999929e+01 5.364999999999999769e-01 4.139315667292399747e-01
0.000000000000000000e+00 3.785000000000000142e+01 2.255000000000000071e+01 5.281000000000000139e-01 3.020987733621530169e-01
0.000000000000000000e+00 4.414999999999999858e+01 2.119999999999999929e+01 5.198000000000000398e-01 2.596998932892690126e-01
0.000000000000000000e+00 3.739999999999999858e+01 2.344999999999999929e+01 5.116000000000000547e-01 3.471827272607180270e-01
0.000000000000000000e+00 3.155000000000000071e+01 2.660000000000000142e+01 5.034999999999999476e-01 3.038700625056410254e-01
2.559059999999999668e-01 2.525000000000000000e+01 1.355000000000000071e+01 4.955999999999999850e-01 2.521699419932890152e-01
1.377950000000000008e-01 3.379999999999999716e+01 7.700000000000000178e+00 4.878000000000000114e-01 3.537106841560920256e-01
2.952760000000000384e-01 2.614999999999999858e+01 1.084999999999999964e+01 4.801000000000000267e-01 7.230287835038160527e-01
2.559059999999999668e-01 1.355000000000000071e+01 5.000000000000000278e-02 4.726000000000000201e-01 6.010725717972930093e-01
1.377950000000000008e-01 1.760000000000000142e+01 5.000000000000000000e-01 4.651000000000000134e-01 7.059811554729269467e-01
1.771650000000000169e-01 1.265000000000000036e+01 -1.300000000000000044e+00 4.577999999999999847e-01 7.261658897004840130e-01
2.952760000000000384e-01 3.289999999999999858e+01 6.349999999999999645e+00 4.506000000000000005e-01 6.985365866858880279e-01
0.000000000000000000e+00 3.650000000000000000e+01 1.400000000000000000e+01 4.435000000000000053e-01 9.905248738784240281e-01
5.118110000000000159e-01 2.750000000000000000e+01 1.714999999999999858e+01 4.365999999999999881e-01 1.026032535369159948e+00
7.480319999999999192e-01 2.614999999999999858e+01 1.444999999999999929e+01 4.297000000000000264e-01 7.007350761453680077e-01
8.070869999999999989e-01 2.569999999999999929e+01 1.580000000000000071e+01 4.228999999999999981e-01 6.572949603420259468e-01
6.299219999999999819e-01 1.805000000000000071e+01 2.299999999999999822e+00 4.163000000000000034e-01 8.372881223779830018e-01
4.330709999999999837e-01 1.084999999999999964e+01 -9.849999999999999645e+00 4.097000000000000086e-01 4.657976995656070152e-01
7.874020000000000463e-01 2.075000000000000000e+01 5.900000000000000355e+00 4.032999999999999918e-01 3.573077743725440181e-01
5.708659999999999846e-01 1.444999999999999929e+01 -7.599999999999999645e+00 3.968999999999999750e-01 1.816762689223840044e-01
0.000000000000000000e+00 2.525000000000000000e+01 -5.349999999999999645e+00 3.906999999999999917e-01 2.337862142765289863e-01
0.000000000000000000e+00 2.389999999999999858e+01 -8.499999999999999778e-01 3.845000000000000084e-01 2.696433790717749912e-01
0.000000000000000000e+00 2.210000000000000142e+01 9.499999999999999556e-01 3.785000000000000031e-01 1.973618359138059886e-01
1.181099999999999928e-01 1.265000000000000036e+01 5.000000000000000278e-02 3.724999999999999978e-01 1.704193865020660059e-01
1.968499999999999972e-01 2.075000000000000000e+01 -4.000000000000000000e+00 3.667000000000000259e-01 1.539693471382510004e-01
0.000000000000000000e+00 2.255000000000000071e+01 -8.050000000000000711e+00 3.608999999999999986e-01 1.682629658712420095e-01
0.000000000000000000e+00 2.614999999999999858e+01 -2.649999999999999911e+00 3.552000000000000157e-01 1.773640122178840040e-01
0.000000000000000000e+00 3.019999999999999929e+01 8.599999999999999645e+00 3.496000000000000218e-01 2.038349356837430015e-01
0.000000000000000000e+00 3.560000000000000142e+01 1.130000000000000071e+01 3.441000000000000170e-01 2.436859530902290016e-01
0.000000000000000000e+00 3.110000000000000142e+01 1.265000000000000036e+01 3.387000000000000011e-01 2.169834019709019901e-01
0.000000000000000000e+00 2.885000000000000142e+01 1.580000000000000071e+01 3.333999999999999742e-01 2.380481093344999910e-01
2.362210000000000143e-01 2.614999999999999858e+01 3.649999999999999911e+00 3.281999999999999917e-01 2.313723010613069897e-01
0.000000000000000000e+00 2.480000000000000071e+01 5.450000000000000178e+00 3.229999999999999538e-01 1.965163412877370119e-01
0.000000000000000000e+00 2.164999999999999858e+01 2.299999999999999822e+00 3.179000000000000159e-01 1.816722034138769926e-01
0.000000000000000000e+00 1.850000000000000000e+01 -3.549999999999999822e+00 3.129000000000000115e-01 1.724573159890639973e-01
0.000000000000000000e+00 2.569999999999999929e+01 -5.799999999999999822e+00 3.079999999999999960e-01 1.471018696667970027e-01
0.000000000000000000e+00 3.019999999999999929e+01 5.000000000000000278e-02 3.030999999999999805e-01 1.896046463632510004e-01
0.000000000000000000e+00 3.379999999999999716e+01 5.900000000000000355e+00 2.983999999999999986e-01 2.390083007631770007e-01
0.000000000000000000e+00 2.030000000000000071e+01 6.799999999999999822e+00 2.937000000000000166e-01 2.493621298274290021e-01
1.377950000000000008e-01 2.164999999999999858e+01 8.599999999999999645e+00 2.891000000000000236e-01 2.245128943974820102e-01
2.362210000000000143e-01 2.030000000000000071e+01 8.599999999999999645e+00 2.844999999999999751e-01 2.018735062132800129e-01
2.362210000000000143e-01 2.614999999999999858e+01 1.084999999999999964e+01 2.800000000000000266e-01 1.824007633097440018e-01
0.000000000000000000e+00 3.470000000000000284e+01 1.084999999999999964e+01 2.756000000000000116e-01 2.063629565511430064e-01
1.574800000000000089e-01 3.379999999999999716e+01 1.400000000000000000e+01 2.712999999999999856e-01 1.827316358139859931e-01
2.559059999999999668e-01 2.300000000000000000e+01 8.599999999999999645e+00 2.670000000000000151e-01 1.870429624645879862e-01
1.968499999999999972e-01 2.614999999999999858e+01 2.299999999999999822e+00 2.627999999999999781e-01 1.413354170549430133e-01
0.000000000000000000e+00 3.695000000000000284e+01 7.700000000000000178e+00 2.586999999999999855e-01 1.775412491458089881e-01
0.000000000000000000e+00 4.010000000000000142e+01 1.309999999999999964e+01 2.545999999999999930e-01 2.257955995445189989e-01
0.000000000000000000e+00 2.705000000000000071e+01 1.040000000000000036e+01 2.505999999999999894e-01 2.144826149948290128e-01
0.000000000000000000e+00 2.255000000000000071e+01 1.399999999999999911e+00 2.467000000000000026e-01 1.411030751457829913e-01
0.000000000000000000e+00 2.569999999999999929e+01 -3.100000000000000089e+00 2.427999999999999881e-01 1.207769306640329998e-01
0.000000000000000000e+00 3.560000000000000142e+01 3.200000000000000178e+00 2.389999999999999902e-01 1.492678108163890127e-01
0.000000000000000000e+00 3.829999999999999716e+01 1.040000000000000036e+01 2.351999999999999924e-01 1.964013305427219913e-01
2.559059999999999668e-01 3.604999999999999716e+01 1.580000000000000071e+01 2.315000000000000113e-01 2.278423422502980078e-01
6.299219999999999819e-01 3.604999999999999716e+01 1.939999999999999858e+01 2.278999999999999915e-01 2.474770986348940049e-01
1.181103000000000014e+00 2.164999999999999858e+01 1.669999999999999929e+01 2.242999999999999994e-01 2.193089755588510104e-01
8.858270000000000310e-01 2.750000000000000000e+01 5.900000000000000355e+00 2.207999999999999963e-01 2.467821851460549887e-01
3.937010000000000232e-01 1.400000000000000000e+01 -3.100000000000000089e+00 2.172999999999999932e-01 1.393539197543209873e-01
0.000000000000000000e+00 6.799999999999999822e+00 -1.165000000000000036e+01 2.139000000000000068e-01 1.206211145121850042e-01
1.181099999999999928e-01 1.939999999999999858e+01 -1.165000000000000036e+01 2.104999999999999927e-01 1.388530324565150076e-01
1.181099999999999928e-01 2.030000000000000071e+01 5.000000000000000278e-02 2.071999999999999953e-01 1.316059124213189990e-01
0.000000000000000000e+00 3.019999999999999929e+01 5.000000000000000278e-02 2.038999999999999979e-01 1.451526805299699907e-01
0.000000000000000000e+00 3.200000000000000000e+01 8.150000000000000355e+00 2.006999999999999895e-01 1.806973860347249883e-01
0.000000000000000000e+00 3.875000000000000000e+01 1.130000000000000071e+01 1.975999999999999979e-01 1.986831109943540119e-01
0.000000000000000000e+00 4.100000000000000000e+01 1.040000000000000036e+01 1.945000000000000062e-01 1.594041524840610069e-01
0.000000000000000000e+00 4.460000000000000142e+01 1.355000000000000071e+01 1.913999999999999868e-01 1.743328407071189912e-01
0.000000000000000000e+00 4.370000000000000284e+01 1.580000000000000071e+01 1.884000000000000119e-01 1.690522650032209862e-01
0.000000000000000000e+00 4.685000000000000142e+01 1.805000000000000071e+01 1.854000000000000092e-01 1.704775506390729944e-01
0.000000000000000000e+00 4.504999999999999716e+01 1.939999999999999858e+01 1.824999999999999956e-01 2.086228431733110067e-01
0.000000000000000000e+00 3.155000000000000071e+01 1.625000000000000000e+01 1.796000000000000096e-01 1.967386225022479951e-01
1.181099999999999928e-01 3.785000000000000142e+01 2.210000000000000142e+01 1.768000000000000127e-01 1.924663368994140034e-01
0.000000000000000000e+00 4.279999999999999716e+01 1.985000000000000142e+01 1.739999999999999880e-01 1.835421912613439954e-01
0.000000000000000000e+00 4.954999999999999716e+01 1.985000000000000142e+01 1.713000000000000078e-01 2.810865587458230008e-01
2.362210000000000143e-01 3.829999999999999716e+01 2.030000000000000071e+01 1.685999999999999999e-01 4.177706715851899899e-01
2.362210000000000143e-01 3.920000000000000284e+01 1.309999999999999964e+01 1.658999999999999919e-01 3.464146678803349810e-01
0.000000000000000000e+00 4.235000000000000142e+01 1.939999999999999858e+01 1.633000000000000007e-01 3.825897806176650207e-01
0.000000000000000000e+00 4.100000000000000000e+01 1.805000000000000071e+01 1.607999999999999985e-01 4.236513519941669803e-01
0.000000000000000000e+00 2.839999999999999858e+01 1.580000000000000071e+01 1.582000000000000073e-01 4.661318506734600242e-01
0.000000000000000000e+00 2.750000000000000000e+01 9.499999999999999556e-01 1.557000000000000051e-01 3.042621265509909967e-01
0.000000000000000000e+00 3.335000000000000142e+01 2.299999999999999822e+00 1.532999999999999918e-01 3.302470816451820168e-01
0.000000000000000000e+00 3.964999999999999858e+01 9.050000000000000711e+00 1.509000000000000064e-01 3.075446319096220016e-01
0.000000000000000000e+00 4.460000000000000142e+01 1.669999999999999929e+01 1.484999999999999931e-01 3.296528051208019727e-01
0.000000000000000000e+00 4.235000000000000142e+01 1.985000000000000142e+01 1.461999999999999966e-01 3.906242500409999874e-01
0.000000000000000000e+00 4.235000000000000142e+01 1.939999999999999858e+01 1.439000000000000001e-01 3.397527933524139843e-01
0.000000000000000000e+00 3.829999999999999716e+01 1.985000000000000142e+01 1.416000000000000036e-01 3.605878763202969850e-01
0.000000000000000000e+00 3.875000000000000000e+01 1.805000000000000071e+01 1.393999999999999961e-01 3.327242247303690004e-01
0.000000000000000000e+00 3.920000000000000284e+01 2.480000000000000071e+01 1.371999999999999886e-01 3.528097543479660203e-01
0.000000000000000000e+00 4.729999999999999716e+01 1.850000000000000000e+01 1.350000000000000089e-01 3.332318168012090021e-01
0.000000000000000000e+00 4.595000000000000284e+01 2.255000000000000071e+01 1.328999999999999904e-01 3.364658655630810014e-01
0.000000000000000000e+00 4.775000000000000000e+01 2.525000000000000000e+01 1.307999999999999996e-01 4.025444635574739749e-01
0.000000000000000000e+00 3.110000000000000142e+01 2.839999999999999858e+01 1.287999999999999978e-01 4.933380738016879818e-01
4.724409999999999998e-01 2.975000000000000000e+01 8.150000000000000355e+00 1.267000000000000071e-01 4.325710409291440017e-01
1.181099999999999928e-01 3.514999999999999858e+01 5.450000000000000178e+00 1.247000000000000053e-01 4.390132018293029792e-01
0.000000000000000000e+00 3.200000000000000000e+01 8.599999999999999645e+00 1.228000000000000064e-01 4.230727590340179756e-01
7.874000000000000443e-02 4.729999999999999716e+01 1.309999999999999964e+01 1.208000000000000046e-01 5.017380533242079554e-01
0.000000000000000000e+00 4.954999999999999716e+01 2.344999999999999929e+01 1.189000000000000057e-01 6.287036047457410515e-01
0.000000000000000000e+00 4.279999999999999716e+01 2.839999999999999858e+01 1.170999999999999958e-01 6.633761127964820092e-01
0.000000000000000000e+00 4.189999999999999858e+01 2.344999999999999929e+01 1.151999999999999968e-01 6.686896567958330317e-01
2.362210000000000143e-01 3.155000000000000071e+01 1.760000000000000142e+01 1.134000000000000008e-01 7.217379834879229517e-01
3.149609999999999910e-01 2.210000000000000142e+01 1.130000000000000071e+01 1.116000000000000048e-01 6.654874805505379687e-01
3.543310000000000071e-01 2.750000000000000000e+01 1.084999999999999964e+01 1.098999999999999977e-01 6.306727416597589508e-01
0.000000000000000000e+00 3.739999999999999858e+01 2.075000000000000000e+01 1.081000000000000016e-01 7.366092711680349847e-01
0.000000000000000000e+00 3.470000000000000284e+01 1.534999999999999964e+01 1.063999999999999946e-01 6.817556557465409561e-01
0.000000000000000000e+00 3.785000000000000142e+01 1.355000000000000071e+01 1.048000000000000043e-01 7.411139175725750539e-01
0.000000000000000000e+00 4.460000000000000142e+01 1.309999999999999964e+01 1.030999999999999972e-01 6.670437501385370060e-01
0.000000000000000000e+00 4.729999999999999716e+01 2.435000000000000142e+01 1.015000000000000069e-01 8.329173678482150178e-01
0.000000000000000000e+00 3.875000000000000000e+01 1.985000000000000142e+01 9.990000000000000269e-02 8.337651264340799617e-01
2.362210000000000143e-01 2.435000000000000142e+01 1.534999999999999964e+01 9.833000000000000074e-02 5.357986013183529961e-01
1.574800000000000089e-01 3.695000000000000284e+01 1.309999999999999964e+01 9.678000000000000491e-02 6.122179741826120347e-01
2.755909999999999749e-01 2.839999999999999858e+01 8.599999999999999645e+00 9.525999999999999746e-02 6.002636435167060247e-01
3.149609999999999910e-01 2.885000000000000142e+01 5.000000000000000000e+00 9.375999999999999612e-02 4.502097872834079917e-01
0.000000000000000000e+00 3.829999999999999716e+01 9.499999999999999556e-01 9.228000000000000091e-02 4.947318489135080211e-01
0.000000000000000000e+00 4.550000000000000000e+01 1.939999999999999858e+01 9.082999999999999408e-02 6.324284753060509523e-01
0.000000000000000000e+00 3.604999999999999716e+01 1.040000000000000036e+01 8.939999999999999336e-02 5.893321890917420092e-01
1.181099999999999928e-01 2.705000000000000071e+01 8.599999999999999645e+00 8.800000000000000877e-02 4.968067972796960108e-01
1.181099999999999928e-01 3.289999999999999858e+01 7.250000000000000000e+00 8.661000000000000643e-02 4.612409203464710172e-01
0.000000000000000000e+00 3.425000000000000000e+01 5.450000000000000178e+00 8.525000000000000633e-02 4.103319855864789867e-01
0.000000000000000000e+00 4.460000000000000142e+01 1.219999999999999929e+01 8.390999999999999848e-02 4.487271925968179809e-01
0.000000000000000000e+00 4.595000000000000284e+01 2.300000000000000000e+01 8.258999999999999675e-02 4.622263670510429745e-01
0.000000000000000000e+00 4.910000000000000142e+01 2.480000000000000071e+01 8.129000000000000115e-02 4.946863870492210213e-01
0.000000000000000000e+00 3.829999999999999716e+01 1.490000000000000036e+01 8.000999999999999779e-02 5.081947315220259886e-01
0.000000000000000000e+00 4.550000000000000000e+01 1.760000000000000142e+01 7.875000000000000056e-02 4.880909908522330087e-01
0.000000000000000000e+00 5.225000000000000000e+01 2.525000000000000000e+01 7.750999999999999557e-02 5.230870953702599913e-01
0.000000000000000000e+00 5.314999999999999858e+01 2.885000000000000142e+01 7.628999999999999670e-02 5.884179968885490108e-01
0.000000000000000000e+00 4.010000000000000142e+01 3.200000000000000000e+01 7.509000000000000397e-02 6.348648342850660153e-01
0.000000000000000000e+00 4.685000000000000142e+01 2.794999999999999929e+01 7.391000000000000347e-02 6.044912692182640157e-01
0.000000000000000000e+00 4.639999999999999858e+01 2.660000000000000142e+01 7.274999999999999523e-02 5.810582097721960215e-01
0.000000000000000000e+00 4.550000000000000000e+01 2.660000000000000142e+01 7.159999999999999698e-02 6.981110922932940444e-01
0.000000000000000000e+00 5.045000000000000284e+01 2.750000000000000000e+01 7.048000000000000098e-02 8.223403203338469636e-01
0.000000000000000000e+00 4.685000000000000142e+01 3.110000000000000142e+01 6.937000000000000111e-02 9.851700692328380082e-01
3.543310000000000071e-01 3.829999999999999716e+01 2.525000000000000000e+01 6.827999999999999348e-02 8.344129068531950244e-01
3.543310000000000071e-01 3.245000000000000284e+01 1.894999999999999929e+01 6.719999999999999585e-02 5.874994250274899743e-01
1.181099999999999928e-01 4.010000000000000142e+01 1.805000000000000071e+01 6.614000000000000434e-02 5.201930466640239947e-01
1.968499999999999972e-01 3.425000000000000000e+01 1.985000000000000142e+01 6.510000000000000508e-02 5.201768623071619801e-01
1.574800000000000089e-01 3.785000000000000142e+01 1.805000000000000071e+01 6.407999999999999807e-02 5.003259029747230135e-01
2.362210000000000143e-01 4.279999999999999716e+01 2.435000000000000142e+01 6.307000000000000106e-02 4.686666001282759897e-01
7.874000000000000443e-02 5.179999999999999716e+01 2.164999999999999858e+01 6.208000000000000324e-02 4.844538456793879844e-01
0.000000000000000000e+00 5.539999999999999858e+01 3.155000000000000071e+01 6.117000000000000215e-02 6.369767594970280333e-01
1.574800000000000089e-01 4.729999999999999716e+01 2.389999999999999858e+01 6.033999999999999780e-02 6.929615321162000408e-01
1.968499999999999972e-01 4.189999999999999858e+01 2.525000000000000000e+01 5.943999999999999978e-02 5.430072421563759688e-01
2.362210000000000143e-01 4.729999999999999716e+01 2.164999999999999858e+01 5.856000000000000094e-02 5.684019420457520066e-01
3.937010000000000232e-01 3.470000000000000284e+01 2.075000000000000000e+01 5.743999999999999800e-02 4.465792920077449879e-01
2.362210000000000143e-01 4.145000000000000284e+01 2.300000000000000000e+01 5.650000000000000161e-02 4.812907095061960128e-01
2.559059999999999668e-01 4.414999999999999858e+01 2.794999999999999929e+01 5.587000000000000299e-02 4.489514775769150035e-01
4.921260000000000079e-01 3.245000000000000284e+01 2.569999999999999929e+01 5.471000000000000169e-02 4.414441153278310104e-01
2.952760000000000384e-01 3.604999999999999716e+01 2.119999999999999929e+01 5.386000000000000509e-02 3.784355753148069823e-01
1.181099999999999928e-01 3.829999999999999716e+01 1.625000000000000000e+01 5.301000000000000156e-02 3.374373965000159736e-01
0.000000000000000000e+00 4.595000000000000284e+01 2.210000000000000142e+01 5.220000000000000334e-02 3.748840537888910029e-01
0.000000000000000000e+00 5.225000000000000000e+01 2.344999999999999929e+01 5.154000000000000248e-02 3.746439265143620134e-01
0.000000000000000000e+00 5.450000000000000000e+01 3.019999999999999929e+01 5.081000000000000100e-02 5.141940140497119893e-01
0.000000000000000000e+00 5.764999999999999858e+01 3.379999999999999716e+01 5.007000000000000339e-02 8.561054218294830154e-01
0.000000000000000000e+00 5.179999999999999716e+01 3.514999999999999858e+01 4.926000000000000517e-02 1.201132816706550033e+00
0.000000000000000000e+00 3.920000000000000284e+01 2.885000000000000142e+01 4.823000000000000204e-02 1.001329961949950054e+00
2.952760000000000384e-01 3.964999999999999858e+01 2.794999999999999929e+01 4.771999999999999853e-02 8.127370856891299455e-01
4.921260000000000079e-01 3.964999999999999858e+01 2.885000000000000142e+01 4.723000000000000115e-02 6.256957353250599541e-01
6.889770000000000616e-01 4.100000000000000000e+01 2.300000000000000000e+01 4.664999999999999702e-02 5.143671432148470002e-01
0.000000000000000000e+00 4.189999999999999858e+01 2.255000000000000071e+01 4.538999999999999979e-02 4.469911709268160060e-01
0.000000000000000000e+00 5.135000000000000142e+01 2.210000000000000142e+01 6.819000000000000061e-02 4.905856428761730115e-01
0.000000000000000000e+00 5.539999999999999858e+01 3.245000000000000284e+01 1.254000000000000004e+00 7.494224276193589551e-01
0.000000000000000000e+00 5.675000000000000000e+01 3.514999999999999858e+01 2.313000000000000167e+00 1.304006086547240040e+00
2.952760000000000384e-01 4.595000000000000284e+01 3.019999999999999929e+01 3.063000000000000167e+00 1.632045576214959937e+00
5.314959999999999685e-01 4.639999999999999858e+01 2.975000000000000000e+01 7.657999999999998586e+00 1.159701041960899959e+00
2.952760000000000384e-01 4.550000000000000000e+01 3.110000000000000142e+01 6.992000000000000881e+00 8.075844841626079740e-01
3.543310000000000071e-01 5.089999999999999858e+01 2.885000000000000142e+01 1.232000000000000028e+01 7.644780202664309687e-01
0.000000000000000000e+00 4.910000000000000142e+01 2.975000000000000000e+01 6.344999999999999751e+00 1.275047749121219987e+00
0.000000000000000000e+00 5.629999999999999716e+01 3.514999999999999858e+01 6.466000000000000192e+00 2.248081531698249869e+00
0.000000000000000000e+00 5.675000000000000000e+01 3.739999999999999858e+01 5.879999999999999893e+00 3.617065951260780121e+00
0.000000000000000000e+00 4.775000000000000000e+01 3.110000000000000142e+01 4.475999999999999979e+00 3.141769558873820145e+00
0.000000000000000000e+00 4.820000000000000284e+01 3.019999999999999929e+01 4.278999999999999915e+00 2.603892872622429966e+00
0.000000000000000000e+00 5.225000000000000000e+01 3.200000000000000000e+01 4.608999999999999986e+00 2.746577773795729982e+00
0.000000000000000000e+00 4.910000000000000142e+01 3.064999999999999858e+01 4.275000000000000355e+00 2.870486609578319914e+00
0.000000000000000000e+00 4.504999999999999716e+01 3.019999999999999929e+01 3.762999999999999901e+00 2.615389201331109970e+00
1.968499999999999972e-01 4.504999999999999716e+01 2.750000000000000000e+01 3.809000000000000163e+00 2.128442667527659982e+00
2.559059999999999668e-01 5.179999999999999716e+01 2.705000000000000071e+01 8.687999999999998835e+00 2.264175281454209987e+00
0.000000000000000000e+00 5.360000000000000142e+01 3.379999999999999716e+01 6.012000000000000455e+00 3.227268793160189997e+00
0.000000000000000000e+00 5.539999999999999858e+01 3.379999999999999716e+01 5.932999999999999829e+00 3.818491126053070062e+00
9.842499999999999860e-02 5.629999999999999716e+01 3.200000000000000000e+01 7.487999999999998657e+00 4.179887610731960024e+00
0.000000000000000000e+00 5.810000000000000142e+01 3.470000000000000284e+01 5.468999999999998529e+00 5.575261264306080378e+00
0.000000000000000000e+00 5.945000000000000284e+01 3.560000000000000142e+01 5.477000000000000313e+00 7.226495707491309872e+00
0.000000000000000000e+00 5.945000000000000284e+01 4.010000000000000142e+01 5.078999999999999737e+00 7.781913773707909598e+00
0.000000000000000000e+00 6.440000000000000568e+01 3.875000000000000000e+01 5.134999999999999787e+00 9.472771953405869638e+00
0.000000000000000000e+00 6.484999999999999432e+01 3.964999999999999858e+01 4.993999999999999773e+00 1.064400781667970008e+01
0.000000000000000000e+00 6.484999999999999432e+01 4.010000000000000142e+01 4.833000000000000185e+00 1.093153720399890005e+01
0.000000000000000000e+00 6.440000000000000568e+01 4.054999999999999716e+01 4.647999999999999687e+00 1.219595723387389974e+01
0.000000000000000000e+00 6.079999999999999716e+01 4.100000000000000000e+01 4.342999999999999972e+00 1.201151195476690070e+01
0.000000000000000000e+00 6.575000000000000000e+01 4.100000000000000000e+01 4.373999999999999666e+00 1.278009034202199956e+01
0.000000000000000000e+00 6.754999999999999716e+01 4.370000000000000284e+01 4.283999999999999808e+00 1.360300242237109991e+01
0.000000000000000000e+00 6.260000000000000142e+01 3.920000000000000284e+01 3.979000000000000092e+00 1.237168654965980075e+01
0.000000000000000000e+00 5.854999999999999716e+01 3.964999999999999858e+01 3.748000000000000220e+00 1.158954043300570014e+01
0.000000000000000000e+00 5.360000000000000142e+01 3.200000000000000000e+01 3.467000000000000082e+00 1.095398726992469918e+01
7.874000000000000443e-02 5.629999999999999716e+01 3.335000000000000142e+01 3.778999999999999915e+00 8.947542136268310742e+00
0.000000000000000000e+00 6.529999999999999716e+01 3.739999999999999858e+01 3.726999999999999869e+00 8.566847887337479150e+00
0.000000000000000000e+00 6.170000000000000284e+01 4.100000000000000000e+01 3.609999999999999876e+00 8.106700769535009954e+00
0.000000000000000000e+00 6.754999999999999716e+01 4.010000000000000142e+01 3.504000000000000004e+00 7.887258015307439862e+00
0.000000000000000000e+00 7.025000000000000000e+01 4.010000000000000142e+01 3.383999999999999897e+00 7.634556384374030280e+00
0.000000000000000000e+00 7.070000000000000284e+01 4.504999999999999716e+01 3.274999999999999911e+00 7.763080514926009812e+00
0.000000000000000000e+00 7.475000000000000000e+01 4.864999999999999858e+01 3.197999999999999954e+00 8.472406344126829580e+00
0.000000000000000000e+00 7.250000000000000000e+01 4.775000000000000000e+01 3.108000000000000096e+00 8.691760633272560099e+00
0.000000000000000000e+00 6.890000000000000568e+01 4.414999999999999858e+01 3.043000000000000149e+00 7.888862142255029575e+00
1.181099999999999928e-01 6.575000000000000000e+01 4.460000000000000142e+01 3.012999999999999901e+00 7.039081064883980332e+00
0.000000000000000000e+00 6.575000000000000000e+01 4.370000000000000284e+01 2.956000000000000405e+00 5.923732918850419971e+00
0.000000000000000000e+00 6.665000000000000568e+01 4.370000000000000284e+01 2.906000000000000139e+00 5.121338707871999851e+00
0.000000000000000000e+00 6.934999999999999432e+01 4.279999999999999716e+01 2.858999999999999986e+00 4.495884070914859976e+00
0.000000000000000000e+00 6.890000000000000568e+01 4.325000000000000000e+01 2.814000000000000057e+00 3.925751545468270098e+00
0.000000000000000000e+00 6.890000000000000568e+01 4.820000000000000284e+01 2.770000000000000018e+00 3.469683779285579917e+00
0.000000000000000000e+00 6.754999999999999716e+01 4.370000000000000284e+01 2.726999999999999869e+00 2.999979307528419792e+00
1.377950000000000008e-01 5.900000000000000000e+01 4.279999999999999716e+01 2.684000000000000163e+00 2.548895237428910221e+00
2.559059999999999668e-01 4.910000000000000142e+01 4.414999999999999858e+01 2.642999999999999794e+00 2.355479423088929991e+00
3.346459999999999990e-01 5.495000000000000284e+01 4.279999999999999716e+01 2.692000000000000171e+00 2.083394333846240176e+00
2.755909999999999749e-01 5.900000000000000000e+01 3.964999999999999858e+01 3.251999999999999780e+00 2.138027060812969893e+00
0.000000000000000000e+00 6.529999999999999716e+01 3.964999999999999858e+01 2.831999999999999851e+00 1.915516927431339944e+00
0.000000000000000000e+00 6.484999999999999432e+01 4.460000000000000142e+01 2.704000000000000181e+00 1.805756561457660059e+00
0.000000000000000000e+00 6.395000000000000284e+01 4.414999999999999858e+01 2.633000000000000007e+00 1.859775181353070073e+00
0.000000000000000000e+00 6.484999999999999432e+01 4.595000000000000284e+01 2.578000000000000291e+00 1.736894731671789982e+00
0.000000000000000000e+00 6.800000000000000000e+01 4.370000000000000284e+01 2.529999999999999805e+00 1.659302070876730095e+00
0.000000000000000000e+00 6.845000000000000284e+01 4.550000000000000000e+01 2.487999999999999989e+00 1.571996211644099972e+00
0.000000000000000000e+00 6.620000000000000284e+01 4.595000000000000284e+01 2.447000000000000064e+00 1.541417983522880064e+00
0.000000000000000000e+00 6.079999999999999716e+01 4.279999999999999716e+01 2.407999999999999918e+00 1.314244386977639900e+00
0.000000000000000000e+00 6.620000000000000284e+01 4.145000000000000284e+01 2.370999999999999996e+00 1.186667905249860100e+00
0.000000000000000000e+00 6.754999999999999716e+01 4.414999999999999858e+01 2.334000000000000075e+00 1.068161228092509907e+00
0.000000000000000000e+00 6.845000000000000284e+01 4.370000000000000284e+01 2.298000000000000043e+00 1.017176661649890068e+00
0.000000000000000000e+00 7.025000000000000000e+01 4.460000000000000142e+01 2.262000000000000011e+00 9.864045087556220226e-01
0.000000000000000000e+00 6.934999999999999432e+01 4.595000000000000284e+01 2.226999999999999869e+00 9.315599096682219971e-01
0.000000000000000000e+00 6.934999999999999432e+01 4.639999999999999858e+01 2.192000000000000171e+00 8.321238634886649610e-01
0.000000000000000000e+00 6.665000000000000568e+01 4.595000000000000284e+01 2.157999999999999918e+00 8.840032631708899524e-01
3.149609999999999910e-01 6.440000000000000568e+01 4.370000000000000284e+01 2.129000000000000004e+00 9.442479491501409861e-01
1.181099999999999928e-01 6.709999999999999432e+01 4.325000000000000000e+01 2.093999999999999861e+00 8.993195114086800501e-01
1.968499999999999972e-01 6.529999999999999716e+01 4.595000000000000284e+01 2.063000000000000167e+00 8.860028624181179868e-01
3.543310000000000071e-01 6.665000000000000568e+01 4.550000000000000000e+01 2.034000000000000252e+00 8.559709036993420339e-01
0.000000000000000000e+00 6.934999999999999432e+01 4.414999999999999858e+01 1.995999999999999996e+00 8.433066874273790203e-01
0.000000000000000000e+00 6.979999999999999716e+01 4.504999999999999716e+01 1.963999999999999968e+00 7.557231864389389875e-01
0.000000000000000000e+00 6.754999999999999716e+01 4.729999999999999716e+01 1.933000000000000052e+00 7.027187667156580275e-01
0.000000000000000000e+00 6.350000000000000000e+01 4.595000000000000284e+01 1.903000000000000025e+00 6.786380695186869927e-01
0.000000000000000000e+00 7.070000000000000284e+01 4.460000000000000142e+01 1.872999999999999998e+00 6.543477730503669543e-01
0.000000000000000000e+00 7.115000000000000568e+01 4.729999999999999716e+01 1.844000000000000083e+00 6.452422666329430401e-01
0.000000000000000000e+00 6.934999999999999432e+01 4.729999999999999716e+01 1.814999999999999947e+00 6.269869557739109478e-01
0.000000000000000000e+00 6.709999999999999432e+01 4.729999999999999716e+01 1.786000000000000032e+00 5.740203193184190145e-01
0.000000000000000000e+00 6.620000000000000284e+01 4.504999999999999716e+01 1.758000000000000007e+00 5.391992656292800001e-01
0.000000000000000000e+00 6.934999999999999432e+01 4.235000000000000142e+01 1.731000000000000094e+00 5.053460726980329998e-01
0.000000000000000000e+00 6.754999999999999716e+01 4.729999999999999716e+01 1.703000000000000069e+00 4.956977543745760273e-01
0.000000000000000000e+00 6.845000000000000284e+01 4.685000000000000142e+01 1.676999999999999824e+00 5.127569474782099901e-01
4.527560000000000473e-01 5.135000000000000142e+01 4.550000000000000000e+01 1.655999999999999917e+00 5.518088147281969835e-01
5.118110000000000159e-01 5.225000000000000000e+01 4.550000000000000000e+01 1.631999999999999895e+00 5.487189062116409888e-01
3.543310000000000071e-01 5.854999999999999716e+01 4.279999999999999716e+01 1.604999999999999982e+00 6.753798746916830353e-01
2.165360000000000062e-01 6.575000000000000000e+01 4.235000000000000142e+01 1.576999999999999957e+00 6.558396497047770390e-01
2.165360000000000062e-01 6.125000000000000000e+01 4.325000000000000000e+01 1.551999999999999824e+00 6.241727640238270425e-01
0.000000000000000000e+00 6.529999999999999716e+01 4.325000000000000000e+01 1.524999999999999911e+00 5.629560227008449935e-01
1.968499999999999972e-01 6.125000000000000000e+01 4.325000000000000000e+01 1.502999999999999892e+00 5.105570667071880342e-01
0.000000000000000000e+00 6.125000000000000000e+01 4.054999999999999716e+01 1.477000000000000091e+00 4.947036829786580214e-01
0.000000000000000000e+00 6.125000000000000000e+01 3.964999999999999858e+01 1.453999999999999959e+00 4.458253816839040096e-01
0.000000000000000000e+00 6.304999999999999716e+01 4.010000000000000142e+01 1.431000000000000050e+00 4.305800763943130050e-01
0.000000000000000000e+00 6.575000000000000000e+01 4.100000000000000000e+01 1.409000000000000030e+00 4.337216637168240241e-01
0.000000000000000000e+00 6.620000000000000284e+01 4.279999999999999716e+01 1.385999999999999899e+00 4.221131181926799925e-01
0.000000000000000000e+00 6.260000000000000142e+01 4.370000000000000284e+01 1.364999999999999991e+00 3.950857475010869924e-01
0.000000000000000000e+00 6.214999999999999858e+01 4.010000000000000142e+01 1.343000000000000194e+00 4.161593946736469873e-01
0.000000000000000000e+00 5.629999999999999716e+01 4.010000000000000142e+01 1.321999999999999842e+00 4.144459344956180069e-01
0.000000000000000000e+00 6.035000000000000142e+01 3.920000000000000284e+01 1.300999999999999934e+00 3.939681844515299791e-01
0.000000000000000000e+00 6.350000000000000000e+01 3.920000000000000284e+01 1.280999999999999917e+00 3.750373081632399908e-01
0.000000000000000000e+00 6.620000000000000284e+01 4.100000000000000000e+01 1.260999999999999899e+00 3.738142124468279981e-01
0.000000000000000000e+00 6.079999999999999716e+01 3.739999999999999858e+01 1.241000000000000103e+00 3.728001178003210181e-01
3.149609999999999910e-01 5.539999999999999858e+01 3.739999999999999858e+01 1.225000000000000089e+00 3.539179428785320103e-01
0.000000000000000000e+00 5.629999999999999716e+01 3.739999999999999858e+01 1.201999999999999957e+00 3.401970297255449971e-01
2.755909999999999749e-01 5.495000000000000284e+01 3.470000000000000284e+01 1.187000000000000055e+00 3.303759221903699861e-01
2.755909999999999749e-01 5.360000000000000142e+01 3.650000000000000000e+01 1.169000000000000039e+00 3.385955314715030084e-01
1.181099999999999928e-01 5.404999999999999716e+01 3.470000000000000284e+01 1.147999999999999909e+00 3.074238323597239808e-01
0.000000000000000000e+00 5.675000000000000000e+01 3.829999999999999716e+01 1.127999999999999892e+00 3.803073189439309942e-01
0.000000000000000000e+00 5.585000000000000142e+01 3.695000000000000284e+01 1.110999999999999988e+00 3.807291396448240217e-01
4.527560000000000473e-01 5.989999999999999858e+01 3.739999999999999858e+01 1.098999999999999977e+00 4.534785850359430159e-01
2.755909999999999749e-01 6.304999999999999716e+01 4.100000000000000000e+01 1.080000000000000071e+00 5.173528261348779855e-01
0.000000000000000000e+00 6.304999999999999716e+01 4.279999999999999716e+01 1.059000000000000163e+00 5.014359673045249988e-01
2.362210000000000143e-01 5.720000000000000284e+01 4.145000000000000284e+01 1.044999999999999929e+00 5.729399212345740455e-01
1.574800000000000089e-01 5.585000000000000142e+01 4.054999999999999716e+01 1.028000000000000025e+00 5.425578790057750123e-01
3.149609999999999910e-01 5.585000000000000142e+01 3.785000000000000142e+01 1.014000000000000012e+00 5.343693817154869796e-01
7.874000000000000443e-02 6.170000000000000284e+01 4.010000000000000142e+01 9.952999999999999625e-01 4.251933355922949964e-01
0.000000000000000000e+00 5.900000000000000000e+01 4.145000000000000284e+01 9.782999999999999474e-01 4.039095644659669859e-01
0.000000000000000000e+00 6.035000000000000142e+01 4.100000000000000000e+01 9.628999999999999782e-01 3.677003757025780195e-01
0.000000000000000000e+00 6.214999999999999858e+01 3.739999999999999858e+01 9.476999999999999869e-01 3.784422238985939990e-01
0.000000000000000000e+00 5.945000000000000284e+01 3.875000000000000000e+01 9.327999999999999625e-01 3.263713164863230043e-01
0.000000000000000000e+00 6.260000000000000142e+01 3.604999999999999716e+01 9.181000000000000272e-01 3.012292562195330037e-01
0.000000000000000000e+00 6.125000000000000000e+01 3.964999999999999858e+01 9.036999999999999478e-01 3.754268432307379944e-01
0.000000000000000000e+00 5.720000000000000284e+01 3.695000000000000284e+01 8.894999999999999574e-01 3.693245333662439900e-01
0.000000000000000000e+00 5.179999999999999716e+01 3.739999999999999858e+01 8.754999999999999449e-01 3.253360314898299799e-01
1.181099999999999928e-01 5.495000000000000284e+01 3.695000000000000284e+01 8.627000000000000224e-01 3.592135422559840086e-01
1.181099999999999928e-01 5.089999999999999858e+01 3.289999999999999858e+01 8.494000000000000439e-01 2.875774031639750095e-01
0.000000000000000000e+00 5.495000000000000284e+01 3.200000000000000000e+01 8.348999999999999755e-01 2.465694445802349977e-01
0.000000000000000000e+00 5.585000000000000142e+01 3.379999999999999716e+01 8.216999999999999860e-01 2.421278618297079965e-01
0.000000000000000000e+00 6.260000000000000142e+01 3.425000000000000000e+01 8.087999999999999634e-01 2.461145857539099868e-01
0.000000000000000000e+00 6.620000000000000284e+01 3.875000000000000000e+01 7.959999999999999298e-01 2.846017560243569999e-01
0.000000000000000000e+00 5.629999999999999716e+01 4.145000000000000284e+01 7.834999999999999742e-01 3.140845042478859761e-01
0.000000000000000000e+00 4.864999999999999858e+01 3.920000000000000284e+01 7.711999999999999966e-01 3.622666371798349827e-01
0.000000000000000000e+00 6.079999999999999716e+01 4.325000000000000000e+01 7.590000000000000080e-01 4.332204613182740194e-01
0.000000000000000000e+00 4.685000000000000142e+01 2.300000000000000000e+01 7.470999999999999863e-01 2.716768183542420112e-01
3.543310000000000071e-01 3.514999999999999858e+01 2.614999999999999858e+01 7.358999999999999986e-01 1.516507286804739951e-01
1.181099999999999928e-01 5.270000000000000284e+01 2.569999999999999929e+01 7.261999999999999567e-01 2.460015467574850068e-01
0.000000000000000000e+00 6.035000000000000142e+01 3.200000000000000000e+01 7.126000000000000112e-01 2.890889416068500029e-01
0.000000000000000000e+00 6.304999999999999716e+01 3.604999999999999716e+01 7.012000000000000455e-01 3.205148523250789805e-01
0.000000000000000000e+00 6.214999999999999858e+01 3.829999999999999716e+01 6.902000000000000357e-01 3.118668816114090192e-01
0.000000000000000000e+00 5.270000000000000284e+01 4.054999999999999716e+01 6.793000000000000149e-01 3.601480158714019941e-01
0.000000000000000000e+00 5.135000000000000142e+01 3.604999999999999716e+01 6.685999999999999721e-01 3.997437125173680106e-01
0.000000000000000000e+00 5.539999999999999858e+01 3.560000000000000142e+01 6.581000000000000183e-01 3.171044763413020107e-01
0.000000000000000000e+00 5.539999999999999858e+01 3.695000000000000284e+01 6.477000000000000535e-01 3.609294576675100008e-01
0.000000000000000000e+00 4.235000000000000142e+01 2.480000000000000071e+01 6.375999999999999446e-01 3.270984696089980215e-01
0.000000000000000000e+00 3.739999999999999858e+01 2.660000000000000142e+01 6.274999999999999467e-01 1.620413942147229946e-01
0.000000000000000000e+00 4.235000000000000142e+01 2.794999999999999929e+01 6.176000000000000378e-01 2.020267083343179892e-01
1.968499999999999972e-01 3.514999999999999858e+01 2.075000000000000000e+01 6.081999999999999629e-01 1.182189219566889965e-01
0.000000000000000000e+00 4.910000000000000142e+01 2.030000000000000071e+01 5.984000000000000430e-01 2.260110356409019972e-01
0.000000000000000000e+00 5.404999999999999716e+01 2.839999999999999858e+01 5.889999999999999680e-01 2.454987793320760059e-01
0.000000000000000000e+00 5.360000000000000142e+01 3.289999999999999858e+01 5.796999999999999931e-01 2.224780170316739969e-01
2.165360000000000062e-01 5.179999999999999716e+01 3.289999999999999858e+01 5.724000000000000199e-01 2.549460078249479733e-01
2.165360000000000062e-01 4.820000000000000284e+01 3.604999999999999716e+01 5.647999999999999687e-01 3.808282758598359741e-01
0.000000000000000000e+00 4.595000000000000284e+01 3.155000000000000071e+01 5.529999999999999361e-01 2.950401047396720156e-01
0.000000000000000000e+00 5.270000000000000284e+01 3.379999999999999716e+01 5.441000000000000281e-01 2.398426151216880020e-01
