-7.000000000000000000e+00 -6.647783660888671875e+01 4.106785202026367188e+01
-6.900000000000000355e+00 -6.725230407714843750e+01 3.982268524169921875e+01
-6.800000000000000711e+00 -6.795886230468750000e+01 3.863274383544921875e+01
-6.700000000000001066e+00 -6.857662200927734375e+01 3.751728057861328125e+01
-6.600000000000001421e+00 -6.911119079589843750e+01 3.646208953857421875e+01
-6.500000000000001776e+00 -6.959242248535156250e+01 3.543968200683593750e+01
-6.400000000000002132e+00 -7.006251525878906250e+01 3.443498229980468750e+01
-6.300000000000002487e+00 -7.056067657470703125e+01 3.343725967407226562e+01
-6.200000000000002842e+00 -7.111267089843750000e+01 3.240690612792968750e+01
-6.100000000000003197e+00 -7.172676849365234375e+01 3.127602005004882812e+01
-6.000000000000003553e+00 -7.239469146728515625e+01 3.000170898437500000e+01
-5.900000000000003908e+00 -7.312072753906250000e+01 2.860074234008789062e+01
-5.800000000000004263e+00 -7.396628570556640625e+01 2.711825752258300781e+01
-5.700000000000004619e+00 -7.502958679199218750e+01 2.557533264160156250e+01
-5.600000000000004974e+00 -7.629707336425781250e+01 2.399735450744628906e+01
-5.500000000000005329e+00 -7.746743011474609375e+01 2.250556564331054688e+01
-5.400000000000005684e+00 -7.820751953125000000e+01 2.113940620422363281e+01
-5.300000000000006040e+00 -7.850773620605468750e+01 1.990654373168945312e+01
-5.200000000000006395e+00 -7.852488708496093750e+01 1.885070610046386719e+01
-5.100000000000006750e+00 -7.837715148925781250e+01 1.789820480346679688e+01
-5.000000000000007105e+00 -7.811617279052734375e+01 1.708987808227539062e+01
-4.900000000000007461e+00 -7.775228881835937500e+01 1.646253776550292969e+01
-4.800000000000007816e+00 -7.727265930175781250e+01 1.587006282806396484e+01
-4.700000000000008171e+00 -7.664792633056640625e+01 1.537836551666259766e+01
-4.600000000000008527e+00 -7.583116912841796875e+01 1.485417366027832031e+01
-4.500000000000008882e+00 -7.475260162353515625e+01 1.410114479064941406e+01
-4.400000000000009237e+00 -7.330957031250000000e+01 1.299558639526367188e+01
-4.300000000000009592e+00 -7.134702301025390625e+01 1.149048519134521484e+01
-4.200000000000009948e+00 -6.862951660156250000e+01 9.696946144104003906e+00
-4.100000000000010303e+00 -6.489494323730468750e+01 7.935808181762695312e+00
-4.000000000000010658e+00 -6.020183181762695312e+01 6.723889827728271484e+00
-3.900000000000011013e+00 -5.530396270751953125e+01 6.398852348327636719e+00
-3.800000000000011369e+00 -5.100126647949218750e+01 6.438334465026855469e+00
-3.700000000000011724e+00 -4.719915008544921875e+01 6.404229640960693359e+00
-3.600000000000012079e+00 -4.343819427490234375e+01 6.431277275085449219e+00
-3.500000000000012434e+00 -3.980025863647460938e+01 6.441120624542236328e+00
-3.400000000000012790e+00 -3.644083404541015625e+01 6.391407966613769531e+00
-3.300000000000013145e+00 -3.344002914428710938e+01 6.395952224731445312e+00
-3.200000000000013500e+00 -3.064988327026367188e+01 6.410845279693603516e+00
-3.100000000000013856e+00 -2.774639320373535156e+01 6.411716461181640625e+00
-3.000000000000014211e+00 -2.445791816711425781e+01 6.399138450622558594e+00
-2.900000000000014566e+00 -2.088990783691406250e+01 6.388430118560791016e+00
-2.800000000000014921e+00 -1.783469009399414062e+01 6.409012317657470703e+00
-2.700000000000015277e+00 -1.589815044403076172e+01 6.390472412109375000e+00
-2.600000000000015632e+00 -1.445352649688720703e+01 6.399368762969970703e+00
-2.500000000000015987e+00 -1.289921569824218750e+01 6.384540557861328125e+00
-2.400000000000016342e+00 -1.153076744079589844e+01 6.424264907836914062e+00
-2.300000000000016698e+00 -1.011909103393554688e+01 6.453895092010498047e+00
-2.200000000000017053e+00 -7.591813564300537109e+00 6.389638900756835938e+00
-2.100000000000017408e+00 -4.739558219909667969e+00 6.477533817291259766e+00
-2.000000000000017764e+00 -3.076026201248168945e+00 6.398635387420654297e+00
-1.900000000000018119e+00 -1.111602306365966797e+00 6.429141521453857422e+00
-1.800000000000018474e+00 1.155330181121826172e+00 6.423397064208984375e+00
-1.700000000000018829e+00 1.143917083740234375e+00 6.399522304534912109e+00
-1.600000000000019185e+00 9.167258143424987793e-01 6.445951461791992188e+00
-1.500000000000019540e+00 9.584277868270874023e-01 6.440463542938232422e+00
-1.400000000000019895e+00 2.286927223205566406e+00 6.471230506896972656e+00
-1.300000000000020250e+00 1.054977774620056152e+00 6.414594650268554688e+00
-1.200000000000020606e+00 1.630759835243225098e+00 6.439624786376953125e+00
-1.100000000000020961e+00 2.451624631881713867e+00 6.426603317260742188e+00
-1.000000000000021316e+00 2.944366931915283203e+00 6.421196937561035156e+00
-9.000000000000216716e-01 3.343214511871337891e+00 6.386445522308349609e+00
-8.000000000000220268e-01 6.623988151550292969e+00 6.396636962890625000e+00
-7.000000000000223821e-01 1.128825545310974121e+00 6.414924144744873047e+00
-6.000000000000227374e-01 3.776168107986450195e+00 6.425486087799072266e+00
-5.000000000000230926e-01 3.171182632446289062e+00 6.412963390350341797e+00
-4.000000000000234479e-01 5.023289203643798828e+00 6.402667045593261719e+00
-3.000000000000238032e-01 4.518260955810546875e+00 6.403587818145751953e+00
-2.000000000000241585e-01 1.860466003417968750e+00 6.397408962249755859e+00
-1.000000000000245137e-01 3.690238952636718750e+00 6.389791488647460938e+00
-2.486899575160350651e-14 4.475021362304687500e+00 6.395947933197021484e+00
9.999999999997477573e-02 4.073218345642089844e+00 6.391764640808105469e+00
1.999999999999744205e-01 4.687400817871093750e+00 6.400854587554931641e+00
2.999999999999740652e-01 6.572384834289550781e+00 6.485805034637451172e+00
3.999999999999737099e-01 8.087244033813476562e+00 6.459155559539794922e+00
4.999999999999733546e-01 6.512760162353515625e+00 6.394230365753173828e+00
5.999999999999729994e-01 1.023295283317565918e+00 6.428133010864257812e+00
6.999999999999726441e-01 3.295120239257812500e+00 6.401002407073974609e+00
7.999999999999722888e-01 2.182096958160400391e+00 6.394912719726562500e+00
8.999999999999719336e-01 6.102426648139953613e-01 6.419272899627685547e+00
9.999999999999715783e-01 3.084741115570068359e+00 6.389650344848632812e+00
1.099999999999971223e+00 4.214702606201171875e+00 6.400376319885253906e+00
1.199999999999970868e+00 4.843947410583496094e+00 6.392037391662597656e+00
1.299999999999970512e+00 6.207032203674316406e+00 6.419782638549804688e+00
1.399999999999970157e+00 4.596795558929443359e+00 6.483652591705322266e+00
1.499999999999969802e+00 6.153462409973144531e+00 6.415528774261474609e+00
1.599999999999969447e+00 5.378188133239746094e+00 6.402001380920410156e+00
1.699999999999969091e+00 5.778954505920410156e+00 6.399753570556640625e+00
1.799999999999968736e+00 7.702352046966552734e+00 6.393937110900878906e+00
1.899999999999968381e+00 1.010717296600341797e+01 6.410706520080566406e+00
1.999999999999968026e+00 1.098382377624511719e+01 6.390218257904052734e+00
2.099999999999967670e+00 1.095545482635498047e+01 6.406360626220703125e+00
2.199999999999967315e+00 1.217264938354492188e+01 6.402138710021972656e+00
2.299999999999966960e+00 1.463022899627685547e+01 6.384081840515136719e+00
2.399999999999966604e+00 1.716120719909667969e+01 6.406886100769042969e+00
2.499999999999966249e+00 1.903644180297851562e+01 6.410055160522460938e+00
2.599999999999965894e+00 2.024384117126464844e+01 6.393530368804931641e+00
2.699999999999965539e+00 2.166290664672851562e+01 6.406762123107910156e+00
2.799999999999965183e+00 2.371834754943847656e+01 6.399872779846191406e+00
2.899999999999964828e+00 2.622291183471679688e+01 6.386779785156250000e+00
2.999999999999964473e+00 2.901250839233398438e+01 6.393642425537109375e+00
3.099999999999964118e+00 3.212213516235351562e+01 6.421799182891845703e+00
3.199999999999963762e+00 3.583768463134765625e+01 6.415199756622314453e+00
3.299999999999963407e+00 4.007683181762695312e+01 6.435726642608642578e+00
3.399999999999963052e+00 4.387581634521484375e+01 6.490029335021972656e+00
3.499999999999962697e+00 4.680643463134765625e+01 6.472881317138671875e+00
3.599999999999962341e+00 4.981303405761718750e+01 6.610445976257324219e+00
3.699999999999961986e+00 5.366245651245117188e+01 6.781717777252197266e+00
3.799999999999961631e+00 5.816132736206054688e+01 7.155925750732421875e+00
3.899999999999961275e+00 6.268878173828125000e+01 7.986683368682861328e+00
3.999999999999960920e+00 6.675558471679687500e+01 9.427405357360839844e+00
4.099999999999960565e+00 7.022286987304687500e+01 1.131467914581298828e+01
4.199999999999960210e+00 7.302988433837890625e+01 1.318340778350830078e+01
4.299999999999959854e+00 7.515854644775390625e+01 1.473794555664062500e+01
4.399999999999959499e+00 7.671445465087890625e+01 1.593581485748291016e+01
4.499999999999959144e+00 7.785847473144531250e+01 1.693515014648437500e+01
4.599999999999958789e+00 7.870225524902343750e+01 1.800085449218750000e+01
4.699999999999958433e+00 7.930631256103515625e+01 1.936322784423828125e+01
4.799999999999958078e+00 7.972618865966796875e+01 2.118339729309082031e+01
4.899999999999957723e+00 8.001821136474609375e+01 2.345784568786621094e+01
4.999999999999957367e+00 8.022415924072265625e+01 2.588174629211425781e+01
5.099999999999957012e+00 8.036494445800781250e+01 2.834281921386718750e+01
5.199999999999956657e+00 8.043792724609375000e+01 3.061500930786132812e+01
5.299999999999956302e+00 8.040760803222656250e+01 3.236893463134765625e+01
5.399999999999955946e+00 8.018980407714843750e+01 3.368848419189453125e+01
5.499999999999955591e+00 7.966282653808593750e+01 3.481447219848632812e+01
5.599999999999955236e+00 7.876792907714843750e+01 3.588652801513671875e+01
5.699999999999954881e+00 7.764320373535156250e+01 3.695901489257812500e+01
5.799999999999954525e+00 7.659400939941406250e+01 3.803744888305664062e+01
5.899999999999954170e+00 7.581208038330078125e+01 3.907860946655273438e+01
5.999999999999953815e+00 7.519491577148437500e+01 4.006957626342773438e+01
6.099999999999953459e+00 7.454409027099609375e+01 4.106766128540039062e+01
6.199999999999953104e+00 7.375480651855468750e+01 4.213846588134765625e+01
6.299999999999952749e+00 7.281894683837890625e+01 4.330664825439453125e+01
6.399999999999952394e+00 7.178723144531250000e+01 4.456245040893554688e+01
6.499999999999952038e+00 7.076311492919921875e+01 4.586946105957031250e+01
6.599999999999951683e+00 6.986638641357421875e+01 4.717058181762695312e+01
6.699999999999951328e+00 6.916785430908203125e+01 4.842027282714843750e+01
6.799999999999950973e+00 6.867119598388671875e+01 4.961262130737304688e+01
6.899999999999950617e+00 6.834213256835937500e+01 5.077336120605468750e+01
