-1.595859050750732422e+00 -5.652284622192382812e+00
1.003697395324707031e+00 3.565459728240966797e+00
1.196983337402343750e+00 -2.730474472045898438e+00
-7.578110694885253906e-01 -1.087810993194580078e+00
-2.944457054138183594e+00 -3.065712165832519531e+01
1.393894195556640625e+00 1.659355354309082031e+01
2.003517150878906250e-01 -1.039994716644287109e+00
-1.466765403747558594e+00 -5.501689910888671875e-01
-2.705654621124267578e+00 -1.294118118286132812e+01
-1.552138805389404297e+00 -2.056339979171752930e+00
-2.718538284301757812e+00 -2.307211875915527344e+01
3.192757606506347656e+00 3.434096527099609375e+01
-3.626008510589599609e+00 -4.865716171264648438e+01
-2.973131179809570312e+00 -2.687337493896484375e+01
-2.703533172607421875e-01 -1.279755711555480957e+00
-1.805141448974609375e+00 7.735276222229003906e-01
-1.547394275665283203e+00 1.340798950195312500e+01
1.827895641326904297e+00 2.540840148925781250e+01
2.023192882537841797e+00 6.123838424682617188e+00
-8.106184005737304688e-02 -7.660557627677917480e-01
-3.351682186126708984e+00 -2.875229454040527344e+01
-2.991907119750976562e+00 -2.575655555725097656e+01
2.400925636291503906e+00 1.304234886169433594e+01
-1.361479282379150391e+00 1.499116230010986328e+01
2.321274280548095703e+00 1.250634288787841797e+01
-3.479228496551513672e+00 -3.844720077514648438e+01
-8.636336326599121094e-01 1.168701648712158203e+01
5.910921096801757812e-01 3.441075086593627930e+00
7.715616226196289062e-01 6.432476997375488281e+00
-6.195607185363769531e-01 -4.168225228786468506e-01
2.841668128967285156e+00 3.076129531860351562e+01
-3.968143939971923828e+00 -6.423609924316406250e+01
-1.563230991363525391e+00 -4.374555587768554688e+00
2.447400093078613281e-01 1.398451685905456543e+00
1.750499725341796875e+00 3.949273824691772461e+00
1.600657939910888672e+00 5.582814693450927734e+00
1.875366687774658203e+00 8.615580558776855469e+00
-3.241624832153320312e-01 8.704450607299804688e+00
-2.423725128173828125e+00 -1.058279037475585938e+01
1.954380035400390625e+00 5.908521652221679688e+00
3.577320098876953125e+00 5.019530868530273438e+01
-3.332076072692871094e-01 1.217838954925537109e+01
5.442504882812500000e-01 -6.369698643684387207e-01
2.398427486419677734e+00 2.528152465820312500e+01
2.403632164001464844e+00 1.155849552154541016e+01
2.240648269653320312e-01 1.827569723129272461e+00
3.370224952697753906e+00 4.781923675537109375e+01
-3.578386306762695312e-01 1.521784901618957520e+00
-7.791280746459960938e-01 1.146934890747070312e+01
5.631999969482421875e-01 1.354320907592773438e+01
-6.197857856750488281e-01 -1.950624227523803711e+00
-3.050771236419677734e+00 -2.885913085937500000e+01
5.629410743713378906e-01 -9.904372692108154297e-01
3.225308895111083984e+00 3.217072296142578125e+01
3.625444412231445312e+00 4.523612213134765625e+01
-3.256869316101074219e-01 3.293722152709960938e+00
2.161348819732666016e+00 1.477463722229003906e+01
-1.688814640045166016e+00 -7.104377269744873047e+00
-3.978600502014160156e-01 -3.708369255065917969e+00
-2.980310440063476562e+00 -2.885511970520019531e+01
3.020505905151367188e+00 2.521986007690429688e+01
2.619941711425781250e+00 2.672150039672851562e+01
2.203942298889160156e+00 1.011035728454589844e+01
-2.011615276336669922e+00 -8.800355911254882812e+00
3.035027503967285156e+00 2.997496223449707031e+01
1.708713531494140625e+00 1.156699180603027344e+01
-2.515827178955078125e+00 -1.693375968933105469e+01
-2.462384223937988281e+00 -9.519538879394531250e+00
2.062516689300537109e+00 8.738494873046875000e+00
2.340804576873779297e+00 1.752213096618652344e+01
2.284398078918457031e+00 1.320497703552246094e+01
2.100057125091552734e+00 1.779457855224609375e+01
1.826000690460205078e+00 3.386627912521362305e+00
1.935841560363769531e+00 1.926233100891113281e+01
2.359051704406738281e+00 1.937287712097167969e+01
3.731275558471679688e+00 5.082824325561523438e+01
-1.509313106536865234e+00 7.924349784851074219e+00
1.380583763122558594e+00 1.922501182556152344e+01
3.938527107238769531e-01 -4.399784207344055176e-01
-3.473968982696533203e+00 -2.977274894714355469e+01
1.019530773162841797e+00 8.962100028991699219e+00
2.751880168914794922e+00 2.822710800170898438e+01
-3.118468284606933594e+00 -2.284717178344726562e+01
8.522033691406250000e-03 7.514648437500000000e+00
-2.324744224548339844e+00 -1.340637493133544922e+01
2.726594924926757812e+00 2.880111312866210938e+01
2.226195812225341797e+00 9.758792877197265625e+00
-1.333395957946777344e+00 -3.499381303787231445e+00
1.143946647644042969e+00 9.168259620666503906e+00
-2.998502731323242188e+00 -2.309222030639648438e+01
-3.612300872802734375e+00 -4.163773345947265625e+01
-2.376804351806640625e+00 -1.576694107055664062e+01
1.177838802337646484e+00 1.084802722930908203e+01
1.448489189147949219e+00 2.033709716796875000e+01
7.228956222534179688e-01 7.971000671386718750e+00
2.110280036926269531e+00 2.680236053466796875e+01
-3.784341812133789062e+00 -4.395080947875976562e+01
2.119468688964843750e+00 7.852896690368652344e+00
-5.730867385864257812e-02 -5.494275689125061035e-01
-1.189088344573974609e+00 -4.021811008453369141e+00
-9.896020889282226562e-01 -2.026546478271484375e+00
2.667376518249511719e+00 2.264356040954589844e+01
1.022839546203613281e-01 3.740102291107177734e+00
-3.317473411560058594e+00 -3.663288879394531250e+01
2.298126220703125000e-01 2.736708164215087891e+00
-8.478212356567382812e-01 -1.301079750061035156e+00
2.239789009094238281e+00 1.041452217102050781e+01
3.222095966339111328e+00 3.321728515625000000e+01
1.350502490997314453e+00 4.915927410125732422e+00
3.778213977813720703e+00 5.875270843505859375e+01
2.615465641021728516e+00 1.570409202575683594e+01
4.852385520935058594e-01 -2.499914765357971191e-01
3.901429176330566406e+00 6.396861267089843750e+01
3.105597019195556641e+00 2.950497055053710938e+01
1.368055343627929688e-01 -5.365033075213432312e-02
2.414021492004394531e+00 1.314547729492187500e+01
3.730983734130859375e-01 1.229624462127685547e+01
2.496441841125488281e+00 1.942394447326660156e+01
-3.423934936523437500e+00 -4.202211761474609375e+01
1.247759819030761719e+00 2.870372295379638672e+00
7.387161254882812500e-03 -4.554972648620605469e-01
2.933440208435058594e+00 2.635920333862304688e+01
3.075558662414550781e+00 2.643500518798828125e+01
-3.478749752044677734e+00 -4.455778121948242188e+01
2.183434009552001953e+00 9.900860786437988281e+00
2.629778385162353516e+00 2.226381683349609375e+01
-3.510380744934082031e+00 -4.530723190307617188e+01
3.677448272705078125e+00 4.502325820922851562e+01
3.034121036529541016e+00 4.742198944091796875e+01
-6.882624626159667969e-01 -4.193485260009765625e+00
-6.220541000366210938e-01 -1.975582957267761230e+00
1.878903388977050781e+00 1.127560424804687500e+01
3.214003086090087891e+00 3.494211196899414062e+01
1.796503067016601562e-01 -2.426253557205200195e+00
3.193314075469970703e+00 4.262823867797851562e+01
-3.351384639739990234e+00 -3.244874572753906250e+01
3.308259010314941406e+00 4.413246917724609375e+01
1.037968158721923828e+00 2.054561376571655273e+00
-2.940690517425537109e+00 -2.029715156555175781e+01
-2.689983844757080078e+00 -2.206563758850097656e+01
-3.733501434326171875e+00 -5.128402328491210938e+01
-2.818982601165771484e+00 -1.863500595092773438e+01
-2.828513145446777344e+00 -2.269948196411132812e+01
-1.966990470886230469e+00 -8.356166839599609375e+00
9.402275085449218750e-01 -1.398162245750427246e-01
-3.752039909362792969e+00 -4.085824203491210938e+01
-2.086985588073730469e+00 -1.087465381622314453e+01
-1.965511322021484375e+00 -9.642996788024902344e+00
2.013833522796630859e+00 6.535114765167236328e+00
-1.103021621704101562e+00 -5.494570732116699219e-01
-1.691686153411865234e+00 -7.166623592376708984e+00
-8.236827850341796875e-01 -3.925100088119506836e+00
3.801789283752441406e+00 5.271009445190429688e+01
3.392091274261474609e+00 4.082436370849609375e+01
-4.059877395629882812e-01 1.024001407623291016e+01
-1.689708232879638672e+00 -6.054864883422851562e+00
-3.444781303405761719e-01 1.404964733123779297e+01
7.029056549072265625e-02 -1.220346570014953613e+00
-2.759686470031738281e+00 -1.683782386779785156e+01
-3.373290061950683594e+00 -3.870951843261718750e+01
2.010728836059570312e+00 6.013229370117187500e+00
-1.208480834960937500e+00 8.653946876525878906e+00
-1.365566730499267578e+00 6.632209300994873047e+00
-1.288930416107177734e+00 8.683334350585937500e+00
-2.801879882812500000e+00 -1.618780136108398438e+01
2.151502132415771484e+00 2.258060455322265625e+01
3.688218116760253906e+00 6.732582092285156250e+01
8.595890998840332031e-01 1.810348701477050781e+01
-1.759737491607666016e+00 1.748996353149414062e+01
-2.976340293884277344e+00 -1.089514636993408203e+01
1.907048702239990234e+00 6.802992820739746094e+00
-1.063145637512207031e+00 8.291020393371582031e+00
1.323424816131591797e+00 7.520461082458496094e-02
1.039300441741943359e+00 1.814634513854980469e+01
3.511530399322509766e+00 4.281954193115234375e+01
-1.620632648468017578e+00 -7.889056205749511719e+00
5.980830192565917969e-01 -2.586953878402709961e+00
3.564647674560546875e+00 4.605500411987304688e+01
1.097719192504882812e+00 1.561236977577209473e+00
8.196444511413574219e-01 3.807746410369873047e+00
-2.088512420654296875e+00 -1.402006149291992188e-01
3.363784313201904297e+00 3.569110107421875000e+01
-2.234659671783447266e+00 -2.616154670715332031e+00
1.096440315246582031e+00 -4.250159263610839844e-01
-1.231185436248779297e+00 1.850762748718261719e+01
-2.696353435516357422e+00 -2.321602249145507812e+01
-1.983481884002685547e+00 -4.459160327911376953e+00
1.012235164642333984e+00 1.345926046371459961e+00
3.848975181579589844e+00 5.881629562377929688e+01
3.955614089965820312e+00 6.024471282958984375e+01
3.955690860748291016e+00 6.963728332519531250e+01
-1.126305103302001953e+00 -2.804527759552001953e+00
-4.033432006835937500e-01 -2.602361679077148438e+00
5.074028968811035156e-01 -1.873242855072021484e+00
-2.699648857116699219e+00 -1.523987102508544922e+01
-3.793057918548583984e+00 -5.613824844360351562e+01
-5.085139274597167969e-01 4.101131916046142578e+00
3.825541496276855469e+00 5.925891113281250000e+01
-1.999067783355712891e+00 -1.090790557861328125e+01
1.076363563537597656e+00 1.231234431266784668e+00
-7.255506515502929688e-01 -1.168515801429748535e+00
-1.674110412597656250e+00 -8.059013366699218750e+00
3.647544860839843750e+00 4.818963241577148438e+01
-2.317798614501953125e+00 -1.056520271301269531e+01
-1.641001701354980469e-01 1.818135261535644531e+01
-3.803000450134277344e-01 -1.952251672744750977e+00
-3.698574542999267578e+00 -5.220743942260742188e+01
-2.186770439147949219e-01 8.256413459777832031e+00
3.137767314910888672e+00 3.036971664428710938e+01
-3.418938636779785156e+00 -3.338559722900390625e+01
3.531322479248046875e-01 1.526886177062988281e+01
3.518957614898681641e+00 4.263314819335937500e+01
-1.265699386596679688e+00 -6.253114223480224609e+00
1.402931213378906250e-01 8.855139732360839844e+00
1.484076023101806641e+00 7.867696762084960938e+00
-2.080648422241210938e+00 -3.454716682434082031e+00
-3.322057723999023438e-01 -3.525215387344360352e-01
3.721099853515625000e+00 6.137247085571289062e+01
1.551335334777832031e+00 2.040969133377075195e+00
-3.640839099884033203e+00 -4.676809310913085938e+01
-7.138257026672363281e-01 -4.459568977355957031e+00
-2.558911800384521484e+00 -1.939045715332031250e+01
-7.619762420654296875e-01 9.961171150207519531e+00
1.649759769439697266e+00 1.318181037902832031e+00
-3.948105335235595703e+00 -4.315055847167968750e+01
2.295691013336181641e+00 9.371685028076171875e+00
2.931411266326904297e+00 3.948687362670898438e+01
1.617225170135498047e+00 9.615247249603271484e-01
-3.259542942047119141e+00 -2.130165100097656250e+01
2.289261341094970703e+00 1.720762825012207031e+01
-3.016575336456298828e+00 -2.967117500305175781e+01
2.143597126007080078e+00 2.053757095336914062e+01
3.079573154449462891e+00 3.703619766235351562e+01
7.698507308959960938e-01 2.288346099853515625e+01
-6.375350952148437500e-01 1.722104907035827637e+00
-9.113078117370605469e-01 6.753063201904296875e+00
1.037637233734130859e+00 6.138067722320556641e+00
3.988190650939941406e+00 7.681635284423828125e+01
-2.657675266265869141e+00 -1.948306655883789062e+01
2.563093662261962891e+00 2.875930023193359375e+01
-1.465730667114257812e+00 -4.968372821807861328e+00
-1.670670032501220703e+00 -2.265167236328125000e-01
-5.668110847473144531e-01 5.380123138427734375e+00
3.177322864532470703e+00 4.136786651611328125e+01
-1.200675487518310547e+00 1.544567584991455078e+01
2.106348514556884766e+00 8.259066581726074219e+00
-1.056197166442871094e+00 9.863747358322143555e-01
1.426426887512207031e+00 1.271382808685302734e+01
2.588274002075195312e+00 2.942256927490234375e+01
5.361514091491699219e-01 -6.618534326553344727e-01
-2.796229362487792969e+00 -2.414624023437500000e+01
1.146314144134521484e+00 1.004989433288574219e+01
-4.495944976806640625e-01 -1.722762107849121094e+00
-2.560121536254882812e+00 -1.456522369384765625e+01
1.343623638153076172e+00 2.301735162734985352e+00
2.462410926818847656e-01 5.610741615295410156e+00
-3.588771820068359375e-01 1.374646949768066406e+01
4.716296195983886719e-01 -4.664303064346313477e-01
-3.065128326416015625e-01 2.802840709686279297e+00
-2.780694961547851562e+00 -2.382645225524902344e+01
-1.378535747528076172e+00 1.107373428344726562e+01
2.639188289642333984e+00 4.686808776855468750e+01
-2.287308216094970703e+00 -1.269252872467041016e+01
2.422695636749267578e+00 1.157809638977050781e+01
-1.014575958251953125e+00 -3.459882020950317383e+00
2.173984527587890625e+00 1.030384635925292969e+01
2.056350708007812500e-01 3.580450057983398438e+00
2.890038490295410156e-01 -1.481746196746826172e+00
-3.067909717559814453e+00 -2.137549591064453125e+01
3.410670757293701172e+00 4.708501815795898438e+01
7.431883811950683594e-01 -2.862788438796997070e+00
1.653343677520751953e+00 1.464915084838867188e+01
2.858583450317382812e+00 2.319027519226074219e+01
-2.667434215545654297e+00 -7.780195236206054688e+00
-2.370620250701904297e+00 -1.332617092132568359e+01
-3.479206085205078125e+00 -4.284452819824218750e+01
-2.860779285430908203e+00 -2.385845184326171875e+01
3.537874221801757812e+00 5.296379852294921875e+01
5.104627609252929688e-01 -2.331116676330566406e+00
-1.412600994110107422e+00 -5.325315475463867188e+00
3.996661663055419922e+00 7.573541259765625000e+01
-3.200448513031005859e+00 -3.346889495849609375e+01
-1.574109554290771484e+00 -4.209518432617187500e+00
-2.041699409484863281e+00 2.937689781188964844e+00
1.458528041839599609e+00 1.923000812530517578e-01
-5.332946777343750000e-01 -1.371402621269226074e+00
-2.368133544921875000e+00 -1.635494995117187500e+01
-9.769458770751953125e-01 -1.023141384124755859e+00
-1.041759490966796875e+00 -1.177078962326049805e+00
1.611215591430664062e+00 6.690813064575195312e+00
-6.155672073364257812e-01 1.559057331085205078e+01
-1.288963317871093750e+00 -4.310759544372558594e+00
1.538704872131347656e+00 1.798951148986816406e+00
2.487834453582763672e+00 1.671101570129394531e+01
2.526710987091064453e+00 1.163487243652343750e+01
1.847896575927734375e-01 -3.540612757205963135e-01
-3.300028324127197266e+00 -3.603876876831054688e+01
2.014319896697998047e+00 7.103658676147460938e+00
3.285278320312500000e+00 3.712027359008789062e+01
-2.249215126037597656e+00 1.335213661193847656e+00
-3.852407455444335938e+00 -4.327536010742187500e+01
-1.431237220764160156e+00 -3.040335178375244141e-01
3.267454147338867188e+00 3.186898994445800781e+01
1.662582874298095703e+00 4.425262928009033203e+00
7.927155494689941406e-01 1.169401550292968750e+01
3.419239997863769531e+00 4.041817474365234375e+01
1.434888839721679688e-01 -5.122784972190856934e-01
-2.301345348358154297e+00 -7.614079475402832031e+00
-2.194180488586425781e+00 -1.574117183685302734e+01
-3.111654758453369141e+00 -3.084733390808105469e+01
3.854622840881347656e+00 5.693399429321289062e+01
-2.947926998138427734e+00 -2.205075836181640625e+01
2.223030090332031250e+00 7.272114753723144531e+00
3.280082702636718750e+00 3.250568008422851562e+01
3.799058914184570312e+00 7.412714385986328125e+01
4.221496582031250000e-01 7.526716589927673340e-01
7.368574142456054688e-01 2.740899026393890381e-01
1.498405456542968750e+00 2.395555019378662109e+00
-3.601851463317871094e-01 -6.490211486816406250e-01
-9.482784271240234375e-01 -4.275832176208496094e+00
-3.530779361724853516e+00 -4.054645538330078125e+01
1.913763046264648438e+00 7.454396724700927734e+00
-2.410859107971191406e+00 -1.502498626708984375e+01
4.627289772033691406e-01 -3.768749535083770752e-03
-3.214231967926025391e+00 -3.532055664062500000e+01
-1.492390632629394531e+00 3.449120521545410156e-01
-1.069215297698974609e+00 -1.332439899444580078e+00
3.380006790161132812e+00 3.923037338256835938e+01
-1.013577938079833984e+00 -2.721215009689331055e+00
-1.425597667694091797e+00 -1.372454166412353516e+00
-1.353349685668945312e+00 -4.947698593139648438e+00
-4.825968742370605469e-01 1.696887254714965820e+00
-3.092656612396240234e+00 -3.250548553466796875e+01
1.297717094421386719e+00 6.548260688781738281e+00
-1.171288013458251953e+00 -6.000528812408447266e+00
7.385916709899902344e-01 -2.022337317466735840e-01
3.800839900970458984e+00 5.428917312622070312e+01
2.322448253631591797e+00 1.045436859130859375e+01
-1.282512187957763672e+00 1.083547401428222656e+01
-5.538206100463867188e-01 -1.072775721549987793e+00
-5.747065544128417969e-01 -1.329782485961914062e+00
-3.501436233520507812e+00 -4.511605072021484375e+01
-1.847684860229492188e+00 -6.974527835845947266e+00
-3.771080017089843750e+00 -5.422705078125000000e+01
-1.714730739593505859e+00 -7.341683387756347656e+00
3.049798965454101562e+00 2.777089691162109375e+01
3.361984252929687500e+00 3.681105041503906250e+01
2.618293285369873047e+00 2.549543762207031250e+01
-2.366730690002441406e+00 -1.503914833068847656e+01
9.477400779724121094e-01 7.747995376586914062e+00
2.573910236358642578e+00 2.882163429260253906e+01
-4.960336685180664062e-01 -2.935484170913696289e+00
-1.770557880401611328e+00 -8.157777786254882812e-01
-3.742046356201171875e-01 -5.212584137916564941e-01
-3.536640644073486328e+00 -4.472749328613281250e+01
1.688530921936035156e+00 1.133114910125732422e+01
-2.879760742187500000e+00 -2.434941673278808594e+01
2.456364631652832031e-01 8.385987281799316406e+00
3.416964530944824219e+00 3.916359329223632812e+01
4.629564285278320312e-02 -4.801149945706129074e-03
1.617497920989990234e+00 5.223092555999755859e+00
-1.708520889282226562e+00 -7.244574069976806641e+00
-3.319818019866943359e+00 -3.757804870605468750e+01
1.829194545745849609e+00 2.195444583892822266e+00
-3.426465511322021484e+00 -3.784911727905273438e+01
2.248451709747314453e+00 3.036128616333007812e+01
-1.981946945190429688e+00 -9.442723274230957031e+00
3.615732192993164062e-01 -1.685463905334472656e+00
-3.968645095825195312e+00 -6.160390472412109375e+01
2.362684249877929688e+00 1.035249519348144531e+01
3.545743942260742188e+00 4.347283172607421875e+01
2.149817466735839844e+00 9.465687751770019531e+00
-3.235475063323974609e+00 -3.507958984375000000e+01
-2.990012168884277344e-01 5.539217948913574219e+00
-6.153435707092285156e-01 -1.412257909774780273e+00
-2.252536773681640625e+00 1.790407180786132812e+00
7.811365127563476562e-01 1.127808570861816406e+01
-2.734095096588134766e+00 -2.234544944763183594e+01
-1.611516952514648438e+00 3.836086273193359375e+00
-6.902680397033691406e-01 -1.162618398666381836e+00
-3.655380725860595703e+00 -4.298686218261718750e+01
2.938335895538330078e+00 2.434599113464355469e+01
8.991317749023437500e-01 2.370669364929199219e+01
-5.715365409851074219e-01 9.231287956237792969e+00
-2.534762382507324219e+00 -1.741718482971191406e+01
3.177703380584716797e+00 3.626496887207031250e+01
-2.011883258819580078e+00 -3.531883716583251953e+00
-4.511418342590332031e-01 -1.882373452186584473e+00
-2.985649108886718750e-01 7.359200000762939453e+00
-1.042079925537109375e-02 3.144378423690795898e+00
-1.124845504760742188e+00 -3.566313028335571289e+00
-1.266358852386474609e+00 1.262249469757080078e+00
2.565149307250976562e+00 1.872163772583007812e+01
8.137960433959960938e-01 -2.547700166702270508e+00
1.667877197265625000e+00 4.776664257049560547e+00
8.739628791809082031e-01 -1.187657833099365234e+00
9.245662689208984375e-01 2.106918573379516602e+00
-1.236622810363769531e+00 -2.889464378356933594e+00
2.854744911193847656e+00 3.883325195312500000e+01
-1.090490818023681641e+00 -4.275180816650390625e+00
-1.896616935729980469e+00 -5.370462417602539062e+00
5.947890281677246094e-01 -1.621866226196289062e-01
-3.846354961395263672e+00 -5.785670852661132812e+01
-3.496227264404296875e+00 -2.867893600463867188e+01
-1.492047309875488281e+00 -3.619397401809692383e+00
2.829164505004882812e+00 4.425894927978515625e+01
-6.529288291931152344e-01 -1.528699517250061035e+00
7.633666992187500000e-01 2.986205816268920898e-01
3.305166721343994141e+00 3.269140243530273438e+01
-1.139498710632324219e+00 6.185825347900390625e+00
-3.377389907836914062e+00 -3.991490936279296875e+01
-9.980287551879882812e-01 -1.838720083236694336e+00
1.657866477966308594e+00 4.609538555145263672e+00
-2.552431106567382812e+00 -1.905811691284179688e+01
-3.536348342895507812e-01 -1.877154588699340820e+00
8.471632003784179688e-02 9.913167953491210938e+00
1.910963535308837891e+00 5.869743347167968750e+00
-1.704082489013671875e-01 8.409226417541503906e+00
-2.164900302886962891e+00 -9.874916076660156250e+00
-2.676651954650878906e+00 -2.237023162841796875e+01
-3.744672298431396484e+00 -5.256163024902343750e+01
1.474474906921386719e+00 1.138978099822998047e+01
-1.583141803741455078e+00 1.260210037231445312e+01
-2.315619945526123047e+00 -1.275910854339599609e+01
-8.878273963928222656e-01 6.680202484130859375e+00
-2.533275127410888672e+00 -1.654800033569335938e+01
3.542547225952148438e+00 4.209881210327148438e+01
3.002339839935302734e+00 2.688173866271972656e+01
3.568097591400146484e+00 4.499888229370117188e+01
6.710896492004394531e-01 2.026450872421264648e+00
-2.874850749969482422e+00 -9.593828201293945312e+00
-2.607871532440185547e+00 -2.053503799438476562e+01
-2.210400581359863281e+00 -8.393094062805175781e+00
3.349895000457763672e+00 5.435656738281250000e+01
-1.941610336303710938e+00 -4.868392944335937500e+00
2.288763046264648438e+00 1.144773578643798828e+01
-3.175457000732421875e+00 -3.258471298217773438e+01
-3.210314273834228516e+00 -3.507588577270507812e+01
-2.586542129516601562e+00 -1.245304489135742188e+01
-3.515560626983642578e+00 -4.367342376708984375e+01
2.080212116241455078e+00 7.906013011932373047e+00
-2.508873939514160156e+00 -1.584353351593017578e+01
2.085048675537109375e+00 7.922755718231201172e+00
-3.968660354614257812e+00 -6.368464660644531250e+01
-3.848192691802978516e+00 -3.538995742797851562e+01
1.601748943328857422e+00 3.669244766235351562e+00
-1.694214820861816406e+00 -1.224043369293212891e+00
-1.753401756286621094e-01 -1.814650774002075195e+00
3.754060745239257812e+00 5.989776611328125000e+01
8.663740158081054688e-01 1.287628555297851562e+01
3.623871326446533203e+00 4.719505691528320312e+01
1.037232875823974609e+00 1.263546752929687500e+01
-1.729178428649902344e+00 -6.686588287353515625e+00
-2.404858112335205078e+00 -1.645904731750488281e+01
2.683824539184570312e+00 2.807168579101562500e+01
1.322280406951904297e+00 2.143803596496582031e+00
3.688420295715332031e+00 6.064359283447265625e+01
3.603557586669921875e+00 4.573280715942382812e+01
-2.511342048645019531e+00 -1.824542427062988281e+01
-2.854917049407958984e+00 -2.335162925720214844e+01
1.164803504943847656e+00 1.340395259857177734e+01
1.999543190002441406e+00 1.246135997772216797e+01
2.301261901855468750e+00 1.700494575500488281e+01
3.072313785552978516e+00 3.264780807495117188e+01
1.348972320556640625e-02 1.135940933227539062e+01
-1.483750343322753906e-01 -8.771402239799499512e-01
3.262128353118896484e+00 3.079271316528320312e+01
2.459764480590820312e-02 1.679183959960937500e+01
1.484828472137451172e+00 1.223184585571289062e+00
2.443792819976806641e+00 1.404397773742675781e+01
2.953917503356933594e+00 3.172299957275390625e+01
2.797072410583496094e+00 3.812481689453125000e+01
-3.811360359191894531e+00 -4.135110855102539062e+01
-1.399456024169921875e+00 -3.245899677276611328e+00
1.603674888610839844e+00 3.487754106521606445e+00
-2.806539058685302734e+00 -1.896039009094238281e+01
1.234259605407714844e-01 8.828484535217285156e+00
4.109630584716796875e-01 -1.327114939689636230e+00
3.569818019866943359e+00 4.918125152587890625e+01
3.904143810272216797e+00 6.387093353271484375e+01
5.302553176879882812e-01 -3.308071851730346680e+00
3.342301368713378906e+00 3.757698440551757812e+01
-1.501407623291015625e+00 -5.813001632690429688e+00
-2.583703041076660156e+00 -3.962345123291015625e-01
-2.343815803527832031e+00 -1.583078575134277344e+01
1.103174209594726562e+00 2.021013975143432617e+00
-1.620280742645263672e+00 -2.297530174255371094e+00
2.163327217102050781e+00 9.740459442138671875e+00
8.476104736328125000e-01 -1.892865538597106934e+00
5.567569732666015625e-01 -3.090788841247558594e+00
1.862937927246093750e+00 4.635581970214843750e+00
3.268786430358886719e+00 3.406419754028320312e+01
1.663016319274902344e+00 4.709733009338378906e+00
9.400658607482910156e-01 -7.330949306488037109e-01
-6.846003532409667969e-01 1.041810321807861328e+01
1.146569728851318359e+00 1.317235589027404785e+00
5.712647438049316406e-01 1.282954454421997070e+00
-1.893589019775390625e+00 -6.304866790771484375e+00
-2.659203529357910156e+00 -1.159022140502929688e+01
-1.512035846710205078e+00 1.148370265960693359e+00
2.477256298065185547e+00 9.999752044677734375e+00
-2.503946781158447266e+00 -1.657830619812011719e+01
1.639152526855468750e+00 1.191145706176757812e+01
3.696372032165527344e+00 6.117809677124023438e+01
3.712341308593750000e+00 5.340975189208984375e+01
-2.205865859985351562e+00 -1.010217285156250000e+01
-3.294416904449462891e+00 -2.798532676696777344e+01
-6.624765396118164062e-01 -1.175076961517333984e-01
2.997672557830810547e+00 2.708890342712402344e+01
5.794219970703125000e-01 1.026283502578735352e+00
-2.169920921325683594e+00 -9.054279327392578125e+00
-1.151503086090087891e+00 -2.530693531036376953e+00
2.541784286499023438e+00 1.458672523498535156e+01
-9.965181350708007812e-02 9.060902595520019531e+00
-4.158997535705566406e-01 -1.315298318862915039e+00
6.490168571472167969e-01 4.968616008758544922e+00
2.123507976531982422e+00 7.458381652832031250e+00
-1.874426364898681641e+00 -3.655452728271484375e+00
-4.289541244506835938e-01 3.551491498947143555e-01
2.453155517578125000e+00 1.462225914001464844e+01
2.192290306091308594e+00 2.587467575073242188e+01
-1.200519561767578125e+00 -3.709323167800903320e+00
3.528467655181884766e+00 4.356521987915039062e+01
-3.268147468566894531e+00 -2.364298248291015625e+01
-3.957015514373779297e+00 -6.451873779296875000e+01
2.354282855987548828e+00 1.794819450378417969e+01
3.615909099578857422e+00 5.342308044433593750e+01
9.890890121459960938e-02 7.853625774383544922e+00
1.174874782562255859e+00 -2.914458513259887695e-01
3.463502883911132812e+00 5.623431396484375000e+01
-3.192723274230957031e+00 -3.224512481689453125e+01
-1.284204959869384766e+00 -3.271504402160644531e+00
-3.611072063446044922e+00 -4.494380187988281250e+01
-1.504996299743652344e+00 1.194599819183349609e+01
-7.444992065429687500e-01 6.123356819152832031e+00
1.499103546142578125e+00 1.278523921966552734e+01
3.292274475097656250e-02 5.968377590179443359e+00
3.874794483184814453e+00 5.575798797607421875e+01
8.670296669006347656e-01 5.095972418785095215e-01
-3.666155338287353516e+00 -4.370975112915039062e+01
-3.420259952545166016e+00 -2.603680038452148438e+01
-1.507745265960693359e+00 5.676057815551757812e+00
-2.893233299255371094e+00 -1.324946212768554688e+01
-3.027099609375000000e+00 -2.281419372558593750e+01
3.260016441345214844e+00 3.313734054565429688e+01
8.254623413085937500e-01 -7.299772500991821289e-01
5.667085647583007812e-01 -2.264224767684936523e+00
-1.602379322052001953e+00 -5.108426094055175781e+00
1.738158702850341797e+00 3.145677328109741211e+00
2.447117805480957031e+00 1.292051792144775391e+01
6.973218917846679688e-01 -3.255408704280853271e-01
3.155709266662597656e+00 3.564183425903320312e+01
-2.028123855590820312e+00 4.932677268981933594e+00
-2.259642601013183594e+00 -1.175312232971191406e+01
-2.116551399230957031e+00 -1.109179878234863281e+01
3.391429901123046875e+00 3.892997741699218750e+01
1.245174884796142578e+00 1.248406791687011719e+01
6.401615142822265625e-01 -3.175350189208984375e+00
3.533356666564941406e+00 4.146405410766601562e+01
6.273903846740722656e-01 6.199637889862060547e+00
-2.858409404754638672e+00 -1.958742523193359375e+01
2.953114986419677734e+00 2.241260337829589844e+01
1.111302375793457031e+00 1.002034187316894531e+01
1.014276504516601562e+00 7.872389554977416992e-01
2.818026065826416016e+00 2.054791259765625000e+01
2.609295845031738281e+00 1.557595729827880859e+01
4.425926208496093750e-01 -1.768268942832946777e+00
3.493086338043212891e+00 4.120399093627929688e+01
6.059503555297851562e-02 -1.219290375709533691e+00
-3.703856468200683594e+00 -5.304062271118164062e+01
2.657246589660644531e-01 -2.360704541206359863e-01
4.099082946777343750e-02 1.833163142204284668e+00
3.553364276885986328e+00 4.920146942138671875e+01
-5.175528526306152344e-01 2.889665365219116211e+00
-1.878492832183837891e+00 -7.488760948181152344e+00
-1.456353664398193359e+00 -4.506806850433349609e+00
9.497404098510742188e-01 -2.970888137817382812e+00
9.851574897766113281e-01 -9.301540255546569824e-01
1.788474559783935547e+00 4.697113037109375000e+00
-3.067828178405761719e+00 -2.313241958618164062e+01
3.632521629333496094e+00 5.556813812255859375e+01
8.454885482788085938e-01 9.488443374633789062e+00
3.225997447967529297e+00 3.158114814758300781e+01
-2.884339809417724609e+00 -2.596068954467773438e+01
-2.824997425079345703e+00 -1.331432533264160156e+01
-1.460428237915039062e-01 5.365399837493896484e+00
6.435351371765136719e-01 -4.358614444732666016e+00
2.878036499023437500e-01 -4.636330604553222656e+00
-2.375139236450195312e+00 -1.557682895660400391e+01
-2.253207683563232422e+00 -1.167770576477050781e+01
-3.079542636871337891e+00 -1.630192947387695312e+01
6.155648231506347656e-01 -2.002362728118896484e+00
2.839219093322753906e+00 2.232572746276855469e+01
-1.083500862121582031e+00 -3.300925731658935547e+00
-3.356986999511718750e+00 -4.345587539672851562e+01
1.830878257751464844e-01 -1.332391619682312012e+00
3.765407562255859375e+00 6.181877136230468750e+01
3.002823829650878906e+00 4.603536224365234375e+01
-2.370144844055175781e+00 -1.554706859588623047e+01
2.923121452331542969e+00 2.642731666564941406e+01
1.862277984619140625e-01 1.997782737016677856e-01
-2.746652603149414062e+00 -1.584616661071777344e+01
-1.113031864166259766e+00 -4.493814468383789062e+00
-3.731064319610595703e+00 -5.372869110107421875e+01
-3.646538257598876953e+00 -5.027247238159179688e+01
1.974037647247314453e+00 1.605733871459960938e+01
-2.880964756011962891e+00 -1.591695213317871094e+01
2.581987857818603516e+00 1.711203956604003906e+01
1.578199386596679688e+00 3.402282238006591797e+00
-6.028904914855957031e-01 -3.976521492004394531e+00
-2.216797351837158203e+00 1.549600791931152344e+01
9.342308044433593750e-01 -6.425227522850036621e-01
-3.660570621490478516e+00 -4.908028030395507812e+01
-1.508594989776611328e+00 1.371963882446289062e+01
3.299732208251953125e+00 3.665148925781250000e+01
3.897088527679443359e+00 6.166682052612304688e+01
3.710553169250488281e+00 6.259324645996093750e+01
-3.515801429748535156e-01 8.607606887817382812e+00
-2.101992130279541016e+00 -6.329050064086914062e+00
1.965257644653320312e+00 1.479267597198486328e+01
3.942680358886718750e-02 -8.402233719825744629e-01
-8.300170898437500000e-01 -1.081844568252563477e+00
3.764167785644531250e+00 5.306147766113281250e+01
3.438100814819335938e+00 5.237378692626953125e+01
-4.326262474060058594e-01 -1.893602252006530762e+00
8.600192070007324219e-01 2.349371910095214844e+00
-2.029213428497314453e+00 -5.229661464691162109e+00
5.591406822204589844e-01 1.687956333160400391e+00
-3.582646846771240234e+00 -4.603860092163085938e+01
2.174948215484619141e+00 1.028036403656005859e+01
3.740857124328613281e+00 5.413905334472656250e+01
-1.184275150299072266e+00 -4.264019966125488281e+00
5.568919181823730469e-01 4.124020576477050781e+00
-2.530659675598144531e+00 -1.939757347106933594e+01
-2.532371044158935547e+00 -1.862145423889160156e+01
1.402119636535644531e+00 2.782545089721679688e+00
3.095347881317138672e+00 2.836878395080566406e+01
-2.442687511444091797e+00 -3.808466911315917969e+00
2.340672016143798828e+00 1.133673954010009766e+01
-3.963803768157958984e+00 -6.395287322998046875e+01
2.230910301208496094e+00 1.780348968505859375e+01
-1.258647441864013672e+00 -2.896441459655761719e+00
-5.226655006408691406e-01 1.205650615692138672e+01
-3.022298336029052734e+00 -2.931991577148437500e+01
2.635469436645507812e+00 1.537628173828125000e+01
-2.258172035217285156e-01 -1.592548638582229614e-01
3.775363922119140625e+00 5.205273818969726562e+01
1.289812088012695312e+00 3.781468868255615234e-01
6.368093490600585938e-01 2.379533052444458008e+00
2.948807239532470703e+00 2.352427482604980469e+01
-3.374664783477783203e+00 -3.458485031127929688e+01
4.645013809204101562e-01 8.271300196647644043e-01
-3.265359401702880859e+00 -2.191400146484375000e+01
-3.083394527435302734e+00 -2.308916091918945312e+01
-3.492047786712646484e+00 -4.302178955078125000e+01
-1.835667133331298828e+00 -6.814737796783447266e+00
-1.359189510345458984e+00 1.294864845275878906e+01
5.850553512573242188e-01 6.249225616455078125e+00
-2.295317173004150391e+00 -7.923789501190185547e+00
1.860088348388671875e+00 2.977556419372558594e+01
8.682241439819335938e-01 5.026240348815917969e-01
-1.244178295135498047e+00 1.187666988372802734e+01
2.979138374328613281e+00 2.930095291137695312e+01
-9.471640586853027344e-01 1.384536743164062500e+01
-3.301719188690185547e+00 -3.749607086181640625e+01
3.899754524230957031e+00 5.594177246093750000e+01
-1.425832271575927734e+00 -7.967686653137207031e-01
-2.549260616302490234e+00 -1.879452133178710938e+01
1.286549568176269531e-01 9.111131668090820312e+00
1.467410087585449219e+00 3.549147129058837891e+00
3.153110980987548828e+00 3.760412597656250000e+01
3.953423023223876953e+00 6.468286132812500000e+01
-6.263942718505859375e-01 -3.886464238166809082e-01
-1.402828693389892578e+00 -3.927062511444091797e+00
-3.154703140258789062e+00 -2.961846160888671875e+01
1.862287521362304688e-02 -1.977966547012329102e+00
-2.930881023406982422e+00 -1.759930610656738281e+01
1.489331245422363281e+00 3.083685398101806641e+00
3.362097740173339844e-01 -1.595916450023651123e-01
-2.591193675994873047e+00 -1.902075576782226562e+01
-3.236564636230468750e+00 -3.242320251464843750e+01
-2.584559917449951172e+00 -1.794859695434570312e+01
-3.544785976409912109e+00 -4.809350967407226562e+01
7.330245971679687500e-01 -1.640652894973754883e+00
-2.942139625549316406e+00 -8.328138351440429688e+00
-2.706192493438720703e+00 -2.086046791076660156e+01
-8.607339859008789062e-01 -1.684325695037841797e+00
1.175807476043701172e+00 -4.612776041030883789e-01
3.752460479736328125e+00 6.501110839843750000e+01
7.602753639221191406e-01 4.149137496948242188e+00
-2.530146598815917969e+00 -1.341127681732177734e+01
8.282489776611328125e-01 6.264791965484619141e+00
1.333362579345703125e+00 1.995256805419921875e+01
-3.279349803924560547e+00 -3.530011749267578125e+01
-2.342727184295654297e+00 -9.338214874267578125e+00
-2.322291374206542969e+00 -1.542911434173583984e+01
-3.124808311462402344e+00 -1.906042289733886719e+01
2.075905799865722656e-01 -1.041349530220031738e+00
4.295740127563476562e-01 -1.119481697678565979e-01
2.089807510375976562e+00 7.121607780456542969e+00
-3.177955627441406250e+00 -3.262355804443359375e+01
1.438002586364746094e-01 1.014810371398925781e+01
-1.068329334259033203e+00 -1.560967683792114258e+00
-2.458821773529052734e+00 -1.569065284729003906e+01
2.587407112121582031e+00 2.561170959472656250e+01
2.277232170104980469e+00 2.006282043457031250e+01
1.910155296325683594e+00 2.733618164062500000e+01
-1.410951614379882812e+00 -3.829802751541137695e+00
7.786936759948730469e-01 -4.460525035858154297e+00
-1.978200435638427734e+00 3.714148521423339844e+00
2.455164432525634766e+00 1.199411773681640625e+01
-3.870134353637695312e+00 -4.301287078857421875e+01
1.356220245361328125e-02 -1.751132488250732422e+00
6.726775169372558594e-01 7.201974868774414062e+00
-1.100583076477050781e-01 -5.457611680030822754e-01
6.524181365966796875e-02 6.181364059448242188e+00
-2.620110511779785156e-01 6.781659603118896484e+00
-2.548494338989257812e+00 -8.848133087158203125e+00
-4.089031219482421875e-01 1.095310020446777344e+01
-2.524552345275878906e+00 -1.681759071350097656e+01
3.749083995819091797e+00 5.476273727416992188e+01
2.464270114898681641e+00 3.302119827270507812e+01
3.927059650421142578e+00 7.252677154541015625e+01
2.483307361602783203e+00 1.558284568786621094e+01
-8.213844299316406250e-01 -1.029018878936767578e+00
2.856028556823730469e+00 2.888688659667968750e+01
-3.694704055786132812e+00 -5.138841629028320312e+01
4.626002311706542969e-01 6.535354137420654297e+00
-4.758133888244628906e-01 5.414101600646972656e+00
-2.184502124786376953e+00 -1.320535087585449219e+01
-3.881929874420166016e+00 -5.913795089721679688e+01
2.474679470062255859e+00 1.377669429779052734e+01
-2.074503421783447266e+00 -9.962375640869140625e+00
-1.894867897033691406e+00 -2.805007934570312500e+00
-2.540467262268066406e+00 -1.843679237365722656e+01
-2.642575740814208984e+00 1.499074935913085938e+00
-3.752541542053222656e-01 1.955950164794921875e+01
1.813688278198242188e-01 6.158401489257812500e+00
1.876449108123779297e+00 1.588539886474609375e+01
3.182009696960449219e+00 3.071121406555175781e+01
9.016427993774414062e-01 1.344562149047851562e+01
-1.586285114288330078e+00 4.922222614288330078e+00
1.129617691040039062e+00 1.799404144287109375e+00
1.779393672943115234e+00 9.135576248168945312e+00
7.315111160278320312e-01 -2.687036275863647461e+00
2.541203975677490234e+00 2.467450332641601562e+01
3.770845890045166016e+00 5.225999069213867188e+01
9.554328918457031250e-01 1.504113674163818359e+00
1.931431293487548828e+00 2.611555671691894531e+01
-1.076165676116943359e+00 -1.314956665039062500e+00
-1.583418369293212891e+00 -6.611537456512451172e+00
-4.569349288940429688e-01 4.734278678894042969e+00
1.635048866271972656e+00 4.037796974182128906e+00
3.123000621795654297e+00 3.207958221435546875e+01
-8.253664970397949219e-01 7.161108016967773438e+00
-4.990706443786621094e-01 9.907196044921875000e+00
2.575135231018066406e+00 2.034809112548828125e+01
3.400577068328857422e+00 4.164525222778320312e+01
3.019133567810058594e+00 2.567658042907714844e+01
-1.535741329193115234e+00 -3.673346042633056641e-01
1.982893943786621094e+00 2.157037544250488281e+01
2.063396930694580078e+00 1.629095077514648438e+01
1.749977588653564453e+00 2.866005659103393555e+00
-4.768276214599609375e-01 -4.757800102233886719e-01
3.066452503204345703e+00 4.193920898437500000e+01
-3.322129249572753906e-01 7.058997154235839844e+00
3.389770030975341797e+00 5.052745819091796875e+01
1.519216537475585938e+00 3.074666023254394531e+00
1.446540832519531250e+00 4.709597587585449219e+00
-2.395204067230224609e+00 -7.552221298217773438e+00
1.215262413024902344e-01 2.958981037139892578e+00
3.824979305267333984e+00 5.596871566772460938e+01
-1.758856773376464844e-01 1.082941341400146484e+01
-1.257938385009765625e+00 6.327944755554199219e+00
2.098839759826660156e+00 7.882081031799316406e+00
3.803830623626708984e+00 5.315626144409179688e+01
-2.443618774414062500e+00 -5.158932685852050781e+00
-3.726835250854492188e-01 9.496708869934082031e+00
1.796974658966064453e+00 1.799521255493164062e+01
-2.173450946807861328e+00 1.031591892242431641e+01
-3.731801986694335938e+00 -5.080521774291992188e+01
-1.347795963287353516e+00 -4.209136962890625000e+00
1.264817714691162109e+00 8.215823173522949219e+00
-9.205923080444335938e-01 -1.208408355712890625e+00
2.256538867950439453e+00 1.119140815734863281e+01
-2.269747734069824219e+00 -4.718423843383789062e+00
-2.266847133636474609e+00 -1.174642276763916016e+01
5.679516792297363281e-01 -1.152188777923583984e+00
-6.992979049682617188e-01 1.107852935791015625e+01
-3.244338035583496094e+00 -3.277341079711914062e+01
-3.032390594482421875e+00 -3.003493881225585938e+01
1.051688194274902344e+00 -1.420673370361328125e+00
-2.663421630859375000e+00 -2.131670379638671875e+01
3.373040676116943359e+00 4.861850357055664062e+01
-1.787301063537597656e+00 -7.126550674438476562e+00
3.638013362884521484e+00 4.714591598510742188e+01
-3.259563446044921875e+00 -3.608745193481445312e+01
-8.311429023742675781e-01 6.731349468231201172e+00
-2.736673355102539062e+00 -3.980119705200195312e+00
-1.952636241912841797e+00 -7.750164508819580078e+00
1.836301326751708984e+00 1.351573276519775391e+01
-2.104963779449462891e+00 -1.092814826965332031e+01
-2.690546989440917969e+00 -2.103464126586914062e+01
3.308246612548828125e+00 4.302265930175781250e+01
-1.784040451049804688e+00 -7.122083663940429688e+00
1.447689056396484375e+00 2.078275918960571289e+00
1.304230690002441406e-01 9.734001159667968750e+00
8.284807205200195312e-02 -2.639585256576538086e+00
-1.625021457672119141e+00 -4.313470363616943359e+00
-1.829044818878173828e+00 -7.931495666503906250e+00
1.681145191192626953e+00 1.738546848297119141e+00
-8.686718940734863281e-01 -2.824022769927978516e+00
-8.180556297302246094e-01 9.607538223266601562e+00
-2.003799438476562500e+00 -8.812370300292968750e+00
1.841545104980468750e+00 3.640924692153930664e+00
2.912082672119140625e-01 9.630901336669921875e+00
-5.777058601379394531e-01 1.583589553833007812e+01
1.181437015533447266e+00 -3.356536388397216797e+00
9.466080665588378906e-01 -4.720100760459899902e-01
-3.046131610870361328e+00 -2.852577209472656250e+01
-2.182955265045166016e+00 -6.216278076171875000e+00
3.266917228698730469e+00 5.947299957275390625e+01
-2.160563945770263672e+00 -1.790631294250488281e+00
-5.119037628173828125e-01 7.791012763977050781e+00
1.519217491149902344e+00 1.311232089996337891e+00
2.162244796752929688e+00 7.330679893493652344e+00
3.253380298614501953e+00 4.893182754516601562e+01
-3.759469985961914062e-01 -2.161765545606613159e-01
1.798284530639648438e+00 3.626301050186157227e+00
-6.294994354248046875e-01 -1.365432262420654297e+00
2.728917598724365234e+00 2.048200988769531250e+01
1.796197891235351562e-01 9.470861434936523438e+00
3.387130737304687500e+00 3.746081161499023438e+01
-2.396335601806640625e+00 -1.448131370544433594e+01
-2.207497596740722656e+00 -1.187853050231933594e+01
-3.719343662261962891e+00 -5.522537994384765625e+01
9.681353569030761719e-01 -8.066880702972412109e-02
4.230961799621582031e-01 9.103614807128906250e+00
-1.233071804046630859e+00 2.248143577575683594e+01
-1.645593643188476562e+00 -5.415737152099609375e+00
-2.104127883911132812e+00 -1.065842628479003906e+01
3.325314998626708984e+00 3.632265090942382812e+01
2.375702381134033203e+00 1.731986427307128906e+01
3.902537822723388672e+00 5.709235382080078125e+01
1.092266559600830078e+00 1.777490234375000000e+01
2.593574523925781250e-01 -2.294786423444747925e-01
2.776306629180908203e+00 2.038605499267578125e+01
2.535681724548339844e+00 1.982073020935058594e+01
2.793652057647705078e+00 2.337590026855468750e+01
1.145791530609130859e+00 -4.891306161880493164e-01
2.014998912811279297e+00 7.759879112243652344e+00
-3.346191883087158203e+00 -3.735263061523437500e+01
1.847994804382324219e+00 4.901616096496582031e+00
-2.214111804962158203e+00 7.184389114379882812e+00
-1.450546741485595703e+00 3.168447017669677734e+00
-1.234270572662353516e+00 -1.995402932167053223e+00
1.179218769073486328e+00 1.178736448287963867e+00
1.015263557434082031e+00 2.444550514221191406e+01
2.715288639068603516e+00 1.931111907958984375e+01
3.298172950744628906e-01 8.854482650756835938e+00
2.990152359008789062e+00 2.284847640991210938e+01
1.822502613067626953e+00 3.792750835418701172e+00
3.497031211853027344e+00 4.112888717651367188e+01
-1.688746929168701172e+00 -6.505877017974853516e+00
7.366399765014648438e-01 -1.162350773811340332e-01
3.542341709136962891e+00 4.427039718627929688e+01
-1.749426841735839844e+00 -3.720447778701782227e+00
-3.409572601318359375e+00 -3.005343627929687500e+01
1.978798389434814453e+00 6.263443470001220703e+00
2.277958393096923828e+00 1.483139419555664062e+01
-5.582199096679687500e-01 -4.162508964538574219e+00
-2.603533267974853516e+00 -2.106624603271484375e+01
-1.261043548583984375e-02 4.216335296630859375e+00
5.507292747497558594e-01 4.894727230072021484e+00
1.159483909606933594e+00 1.515693664550781250e+01
1.410507678985595703e+00 -2.569335937500000000e+00
-2.443538665771484375e+00 -1.714554977416992188e+01
-1.951074123382568359e+00 -6.357108116149902344e+00
2.322575092315673828e+00 1.727913665771484375e+01
1.822453975677490234e+00 3.106417417526245117e+00
-1.925376415252685547e+00 -9.195071220397949219e+00
7.663450241088867188e-01 1.914994621276855469e+01
2.181894779205322266e+00 1.444687461853027344e+01
2.510334968566894531e+00 1.416051292419433594e+01
1.295685768127441406e-01 -1.149249553680419922e+00
2.549203395843505859e+00 1.603243255615234375e+01
-3.226594924926757812e+00 -3.470372390747070312e+01
-1.472487449645996094e+00 8.272483348846435547e-01
-2.094350814819335938e+00 -1.025724124908447266e+01
-2.259330272674560547e+00 4.529943466186523438e-01
2.811996936798095703e+00 2.379073715209960938e+01
-3.409940719604492188e+00 -3.975023269653320312e+01
1.856611728668212891e+00 4.686774253845214844e+00
3.543380260467529297e+00 4.633502960205078125e+01
-1.417016983032226562e-01 -1.129809975624084473e+00
4.319505691528320312e-01 -1.583117723464965820e+00
-1.369276046752929688e+00 1.118278217315673828e+01
-1.234942913055419922e+00 -1.441114544868469238e+00
-1.548373222351074219e+00 1.502691078186035156e+01
-2.603577613830566406e+00 -1.805746650695800781e+01
3.204669952392578125e-01 3.323443174362182617e+00
-3.528396606445312500e+00 -2.191368675231933594e+01
-3.969989299774169922e+00 -6.269381713867187500e+01
3.694538593292236328e+00 6.231920242309570312e+01
-1.457923889160156250e+00 -5.545670986175537109e+00
-4.649515151977539062e-01 -7.668992877006530762e-01
-3.317290306091308594e+00 -3.001888084411621094e+01
3.587062358856201172e+00 4.654869461059570312e+01
2.557549476623535156e+00 3.913791275024414062e+01
-2.064335346221923828e+00 -1.204770469665527344e+01
5.554780960083007812e-01 1.563551330566406250e+01
-5.511040687561035156e-01 6.492924213409423828e+00
-1.704581260681152344e+00 -6.311339855194091797e+00
3.768904685974121094e+00 5.340592193603515625e+01
5.808353424072265625e-03 1.675213813781738281e+01
-4.844532012939453125e-01 2.976670861244201660e-02
-1.959228515625000000e+00 -8.137682914733886719e+00
-1.700771331787109375e+00 -5.522436141967773438e+00
3.853016853332519531e+00 5.452821350097656250e+01
-1.659176349639892578e+00 -3.412007331848144531e+00
1.570575237274169922e+00 2.315386295318603516e+00
-2.740714073181152344e+00 -1.858574104309082031e+01
4.503922462463378906e-01 -1.324210166931152344e+00
-2.968403339385986328e+00 -2.201552200317382812e+01
2.447556972503662109e+00 1.373732471466064453e+01
5.915784835815429688e-01 1.737336540222167969e+01
-3.204191207885742188e+00 -3.479528427124023438e+01
1.204144477844238281e+00 7.494333982467651367e-01
-8.824334144592285156e-01 1.104127502441406250e+01
-1.408009052276611328e+00 -4.731540679931640625e+00
-2.795723438262939453e+00 -2.264695358276367188e+01
3.365025043487548828e+00 4.037588119506835938e+01
-3.702268600463867188e-01 -8.783597946166992188e-01
-9.443821907043457031e-01 -2.776472806930541992e+00
3.022502422332763672e+00 2.584687995910644531e+01
3.958625316619873047e+00 6.043651199340820312e+01
-3.438124656677246094e-01 -3.932361602783203125e+00
3.871061325073242188e+00 5.633612060546875000e+01
9.796457290649414062e-01 -2.886299490928649902e-01
5.769262313842773438e-01 -3.214773535728454590e-01
1.125588417053222656e+00 9.088831901550292969e+00
-1.371484279632568359e+00 6.267330169677734375e+00
5.511035919189453125e-01 1.286858171224594116e-01
2.862879276275634766e+00 2.159256362915039062e+01
1.722168922424316406e+00 3.788895606994628906e+00
9.899778366088867188e-01 -4.164030551910400391e+00
5.329847335815429688e-01 3.262752532958984375e+00
3.933024406433105469e+00 5.978686141967773438e+01
-3.041202545166015625e+00 -1.217622661590576172e+01
-3.534823894500732422e+00 -4.552321624755859375e+01
-1.637883186340332031e+00 1.829215049743652344e+00
1.243901252746582031e-01 1.054513263702392578e+01
3.341991901397705078e+00 4.739786911010742188e+01
1.626891136169433594e+00 2.042379379272460938e+01
1.925119876861572266e+00 6.420726776123046875e+00
-3.075939178466796875e+00 -2.494679450988769531e+01
-6.445693969726562500e-02 -4.671334326267242432e-01
-3.160407543182373047e+00 -2.589970970153808594e+01
-1.000473022460937500e+00 -2.020545959472656250e+00
-1.926014900207519531e+00 -1.048799991607666016e+00
-2.413568019866943359e+00 1.424074172973632812e+00
1.480885028839111328e+00 6.370462417602539062e+00
1.864841461181640625e+00 9.941556930541992188e+00
-3.217958450317382812e+00 -2.648588180541992188e+01
3.530127048492431641e+00 4.352102279663085938e+01
-3.711063385009765625e+00 -3.907076263427734375e+01
-1.186828136444091797e+00 -3.342149257659912109e+00
2.724418163299560547e+00 1.970075607299804688e+01
-2.206395626068115234e+00 -1.428524017333984375e+01
-3.824088573455810547e+00 -4.683834838867187500e+01
1.918208599090576172e+00 4.365133285522460938e+00
-1.905270576477050781e+00 -9.301941871643066406e+00
-2.982057571411132812e+00 -2.763701820373535156e+01
4.130206108093261719e-01 -1.720911860466003418e-01
2.344774723052978516e+00 1.129418182373046875e+01
-9.168300628662109375e-01 -7.126420736312866211e-01
-1.364707946777343750e-01 -2.112306118011474609e+00
-1.583934307098388672e+00 -5.256583213806152344e+00
-7.973957061767578125e-02 -1.272459626197814941e-01
2.551345825195312500e-01 4.634777545928955078e+00
1.741235256195068359e+00 7.295828342437744141e+00
-2.620305538177490234e+00 -1.940614891052246094e+01
2.718443870544433594e-01 1.594141840934753418e+00
2.583824634552001953e+00 2.357514953613281250e+01
8.762836456298828125e-02 5.973847389221191406e+00
-1.761462211608886719e+00 -7.925874710083007812e+00
-3.528948783874511719e+00 -3.474178695678710938e+01
1.303940773010253906e+00 1.005469417572021484e+01
1.051826953887939453e+00 5.530108213424682617e-01
1.776111602783203125e+00 5.531690120697021484e+00
6.657700538635253906e-01 -1.148316860198974609e+00
3.236853599548339844e+00 3.022756195068359375e+01
-1.369832515716552734e+00 2.300500869750976562e-01
1.039553165435791016e+00 1.308377742767333984e+01
7.514572143554687500e-01 -9.131377935409545898e-01
2.374556064605712891e+00 2.442615509033203125e+01
-2.736923694610595703e+00 -1.640340232849121094e+01
-2.764037132263183594e+00 -2.133387565612792969e+01
-3.452138900756835938e-01 -4.264096260070800781e+00
7.131409645080566406e-01 -1.209072709083557129e+00
