EXP split_seed random_seed PICP_test MPIW_test RMSE R2 qd_loss NLL alpha loss data h_size bstraps ensemb soft lambda_in
1 1 10 0.818 0.783 4.09 0.83 3.013 2.695 0.05 qd_soft ~energy [50] 1 1  160.0 15.0
2 1 20 0.805 0.758 3.74 0.858 3.418 2.362 0.05 qd_soft ~energy [50] 1 1  160.0 15.0
3 1 30 0.818 0.802 4.245 0.817 3.051 2.879 0.05 qd_soft ~energy [50] 1 1  160.0 15.0
4 1 40 0.857 0.774 3.671 0.863 1.855 2.35 0.05 qd_soft ~energy [50] 1 1  160.0 15.0
5 1 50 0.805 0.721 4.282 0.813 3.445 3.149 0.05 qd_soft ~energy [50] 1 1  160.0 15.0
6 2 10 0.909 0.827 3.406 0.861 1.012 2.291 0.05 qd_soft ~energy [50] 1 1  160.0 15.0
7 2 20 0.883 0.888 3.63 0.842 1.459 2.537 0.05 qd_soft ~energy [50] 1 1  160.0 15.0
8 2 30 0.896 0.796 3.399 0.862 1.13 2.23 0.05 qd_soft ~energy [50] 1 1  160.0 15.0
9 2 40 0.87 0.79 3.417 0.86 1.601 2.278 0.05 qd_soft ~energy [50] 1 1  160.0 15.0
10 2 50 0.857 0.819 3.383 0.863 1.915 2.189 0.05 qd_soft ~energy [50] 1 1  160.0 15.0
11 3 10 0.909 0.666 2.954 0.896 0.834 1.835 0.05 qd_soft ~energy [50] 1 1  160.0 15.0
12 3 20 0.896 0.682 3.087 0.887 1.014 1.937 0.05 qd_soft ~energy [50] 1 1  160.0 15.0
13 3 30 0.909 0.656 3.004 0.893 0.825 1.876 0.05 qd_soft ~energy [50] 1 1  160.0 15.0
14 3 40 0.922 0.697 2.887 0.901 0.745 1.924 0.05 qd_soft ~energy [50] 1 1  160.0 15.0
15 3 50 0.896 0.688 3.169 0.881 1.04 2.303 0.05 qd_soft ~energy [50] 1 1  160.0 15.0
16 4 10 0.935 0.656 2.657 0.917 0.666 1.707 0.05 qd_soft ~energy [50] 1 1  160.0 15.0
17 4 20 0.935 0.639 3.128 0.885 0.656 2.095 0.05 qd_soft ~energy [50] 1 1  160.0 15.0
18 4 30 0.948 0.775 3.064 0.889 0.761 2.048 0.05 qd_soft ~energy [50] 1 1  160.0 15.0
19 4 40 0.909 0.64 2.758 0.91 0.859 1.835 0.05 qd_soft ~energy [50] 1 1  160.0 15.0
20 4 50 0.909 0.745 2.951 0.897 0.944 2.028 0.05 qd_soft ~energy [50] 1 1  160.0 15.0
21 5 10 0.87 0.797 3.051 0.882 1.623 2.148 0.05 qd_soft ~energy [50] 1 1  160.0 15.0
22 5 20 0.896 0.827 3.077 0.88 1.206 18.334 0.05 qd_soft ~energy [50] 1 1  160.0 15.0
23 5 30 0.909 0.855 3.332 0.86 1.061 2.229 0.05 qd_soft ~energy [50] 1 1  160.0 15.0
24 5 40 0.883 0.805 3.07 0.881 1.375 2.603 0.05 qd_soft ~energy [50] 1 1  160.0 15.0
25 5 50 0.922 0.763 2.892 0.894 0.868 2.15 0.05 qd_soft ~energy [50] 1 1  160.0 15.0
