EXP split_seed random_seed PICP_test MPIW_test RMSE R2 qd_loss NLL alpha loss data h_size bstraps ensemb soft lambda_in
1 1 10 0.905 2.172 0.17 0.579 3.054 -0.354 0.05 qd_soft ~kin8nm [50] 1 1  160.0 15.0
2 1 20 0.918 2.095 0.168 0.589 2.53 -0.364 0.05 qd_soft ~kin8nm [50] 1 1  160.0 15.0
3 1 30 0.909 2.06 0.164 0.612 2.806 -0.399 0.05 qd_soft ~kin8nm [50] 1 1  160.0 15.0
4 1 40 0.921 2.139 0.171 0.576 2.513 -0.352 0.05 qd_soft ~kin8nm [50] 1 1  160.0 15.0
5 1 50 0.912 2.129 0.169 0.583 2.742 -0.376 0.05 qd_soft ~kin8nm [50] 1 1  160.0 15.0
6 2 10 0.912 2.205 0.171 0.594 2.841 10689.365 0.05 qd_soft ~kin8nm [50] 1 1  160.0 15.0
7 2 20 0.927 2.152 0.168 0.605 2.392 -0.36 0.05 qd_soft ~kin8nm [50] 1 1  160.0 15.0
8 2 30 0.891 2.248 0.184 0.527 3.744 -0.176 0.05 qd_soft ~kin8nm [50] 1 1  160.0 15.0
9 2 40 0.91 2.262 0.181 0.544 2.981 -0.235 0.05 qd_soft ~kin8nm [50] 1 1  160.0 15.0
10 2 50 0.92 2.075 0.162 0.635 2.491 -0.359 0.05 qd_soft ~kin8nm [50] 1 1  160.0 15.0
11 3 10 0.917 2.103 0.164 0.614 2.59 -0.382 0.05 qd_soft ~kin8nm [50] 1 1  160.0 15.0
12 3 20 0.937 2.138 0.16 0.632 2.225 -0.421 0.05 qd_soft ~kin8nm [50] 1 1  160.0 15.0
13 3 30 0.927 2.066 0.158 0.642 2.308 -0.43 0.05 qd_soft ~kin8nm [50] 1 1  160.0 15.0
14 3 40 0.941 2.172 0.162 0.623 2.214 -0.378 0.05 qd_soft ~kin8nm [50] 1 1  160.0 15.0
15 3 50 0.934 2.235 0.171 0.582 2.359 -0.325 0.05 qd_soft ~kin8nm [50] 1 1  160.0 15.0
16 4 10 0.912 2.191 0.174 0.569 2.817 -0.266 0.05 qd_soft ~kin8nm [50] 1 1  160.0 15.0
17 4 20 0.924 2.158 0.173 0.575 2.435 -0.354 0.05 qd_soft ~kin8nm [50] 1 1  160.0 15.0
18 4 30 0.907 2.151 0.173 0.575 2.941 -0.3 0.05 qd_soft ~kin8nm [50] 1 1  160.0 15.0
19 4 40 0.91 2.076 0.167 0.605 2.766 -0.36 0.05 qd_soft ~kin8nm [50] 1 1  160.0 15.0
20 4 50 0.921 2.093 0.173 0.578 2.457 -0.309 0.05 qd_soft ~kin8nm [50] 1 1  160.0 15.0
21 5 10 0.912 2.091 0.166 0.607 2.701 -0.39 0.05 qd_soft ~kin8nm [50] 1 1  160.0 15.0
22 5 20 0.911 2.147 0.171 0.585 2.801 -0.346 0.05 qd_soft ~kin8nm [50] 1 1  160.0 15.0
23 5 30 0.904 2.153 0.17 0.587 3.082 -0.335 0.05 qd_soft ~kin8nm [50] 1 1  160.0 15.0
24 5 40 0.911 2.043 0.164 0.616 2.698 -0.38 0.05 qd_soft ~kin8nm [50] 1 1  160.0 15.0
25 5 50 0.902 2.096 0.17 0.588 3.066 -0.363 0.05 qd_soft ~kin8nm [50] 1 1  160.0 15.0
