EXP split_seed random_seed PICP_test MPIW_test RMSE R2 qd_loss NLL alpha loss data h_size bstraps ensemb soft lambda_in
1 1 10 0.955 0.887 4.261 0.94 0.888 2.867 0.05 qd_soft ~power [50] 1 1  160.0 15.0
2 1 20 0.957 0.879 4.276 0.939 0.88 2.874 0.05 qd_soft ~power [50] 1 1  160.0 15.0
3 1 30 0.953 0.884 4.307 0.938 0.886 2.901 0.05 qd_soft ~power [50] 1 1  160.0 15.0
4 1 40 0.952 0.884 4.299 0.939 0.886 2.888 0.05 qd_soft ~power [50] 1 1  160.0 15.0
5 1 50 0.953 0.873 4.25 0.94 0.874 2.866 0.05 qd_soft ~power [50] 1 1  160.0 15.0
6 2 10 0.946 0.858 4.116 0.942 0.867 2.834 0.05 qd_soft ~power [50] 1 1  160.0 15.0
7 2 20 0.952 0.862 4.071 0.943 0.864 2.827 0.05 qd_soft ~power [50] 1 1  160.0 15.0
8 2 30 0.949 0.877 4.075 0.943 0.878 2.823 0.05 qd_soft ~power [50] 1 1  160.0 15.0
9 2 40 0.945 0.859 4.082 0.943 0.874 2.832 0.05 qd_soft ~power [50] 1 1  160.0 15.0
10 2 50 0.949 0.862 4.064 0.943 0.864 2.822 0.05 qd_soft ~power [50] 1 1  160.0 15.0
11 3 10 0.963 0.863 4.041 0.943 0.864 2.81 0.05 qd_soft ~power [50] 1 1  160.0 15.0
12 3 20 0.96 0.854 4.039 0.944 0.855 2.818 0.05 qd_soft ~power [50] 1 1  160.0 15.0
13 3 30 0.962 0.864 4.015 0.944 0.864 2.801 0.05 qd_soft ~power [50] 1 1  160.0 15.0
14 3 40 0.961 0.871 4.104 0.942 0.873 2.838 0.05 qd_soft ~power [50] 1 1  160.0 15.0
15 3 50 0.954 0.855 4.08 0.942 0.855 2.824 0.05 qd_soft ~power [50] 1 1  160.0 15.0
16 4 10 0.933 0.866 4.37 0.933 1.0 2.936 0.05 qd_soft ~power [50] 1 1  160.0 15.0
17 4 20 0.939 0.863 4.378 0.933 0.916 2.928 0.05 qd_soft ~power [50] 1 1  160.0 15.0
18 4 30 0.934 0.858 4.342 0.934 0.978 2.952 0.05 qd_soft ~power [50] 1 1  160.0 15.0
19 4 40 0.93 0.858 4.38 0.933 1.046 2.933 0.05 qd_soft ~power [50] 1 1  160.0 15.0
20 4 50 0.937 0.859 4.386 0.933 0.935 2.936 0.05 qd_soft ~power [50] 1 1  160.0 15.0
21 5 10 0.94 0.846 4.082 0.946 0.889 2.829 0.05 qd_soft ~power [50] 1 1  160.0 15.0
22 5 20 0.938 0.866 4.16 0.943 0.93 2.846 0.05 qd_soft ~power [50] 1 1  160.0 15.0
23 5 30 0.943 0.871 4.153 0.944 0.897 2.841 0.05 qd_soft ~power [50] 1 1  160.0 15.0
24 5 40 0.935 0.855 4.109 0.945 0.956 2.832 0.05 qd_soft ~power [50] 1 1  160.0 15.0
25 5 50 0.941 0.856 4.106 0.945 0.889 2.831 0.05 qd_soft ~power [50] 1 1  160.0 15.0
