EXP split_seed random_seed PICP_test MPIW_test RMSE R2 qd_loss NLL alpha loss data h_size bstraps ensemb soft lambda_in
1 1 10 0.934 2.458 5.399 0.223 2.736 6.222 0.05 qd_soft ~protein [50] 1 1  160.0 15.0
2 1 20 0.932 2.457 5.449 0.208 2.779 3.28 0.05 qd_soft ~protein [50] 1 1  160.0 15.0
3 1 30 0.932 2.459 5.419 0.217 2.811 3.359 0.05 qd_soft ~protein [50] 1 1  160.0 15.0
4 1 40 0.935 2.46 5.412 0.219 2.701 3.239 0.05 qd_soft ~protein [50] 1 1  160.0 15.0
5 1 50 0.934 2.52 5.581 0.17 2.788 3.285 0.05 qd_soft ~protein [50] 1 1  160.0 15.0
6 2 10 0.943 2.495 5.509 0.173 2.543 3.323 0.05 qd_soft ~protein [50] 1 1  160.0 15.0
7 2 20 0.94 2.515 5.621 0.138 2.613 3.314 0.05 qd_soft ~protein [50] 1 1  160.0 15.0
8 2 30 0.939 2.477 5.454 0.189 2.618 3.58 0.05 qd_soft ~protein [50] 1 1  160.0 15.0
9 2 40 0.942 2.464 5.437 0.194 2.536 3.5 0.05 qd_soft ~protein [50] 1 1  160.0 15.0
10 2 50 0.941 2.502 5.532 0.165 2.59 3.285 0.05 qd_soft ~protein [50] 1 1  160.0 15.0
11 3 10 0.932 2.461 5.493 0.191 2.803 3.384 0.05 qd_soft ~protein [50] 1 1  160.0 15.0
12 3 20 0.933 2.489 5.519 0.183 2.792 3.26 0.05 qd_soft ~protein [50] 1 1  160.0 15.0
13 3 30 0.935 2.48 5.457 0.201 2.711 16.454 0.05 qd_soft ~protein [50] 1 1  160.0 15.0
14 3 40 0.934 2.483 5.421 0.212 2.747 3.378 0.05 qd_soft ~protein [50] 1 1  160.0 15.0
15 3 50 0.935 2.486 5.466 0.199 2.711 3.279 0.05 qd_soft ~protein [50] 1 1  160.0 15.0
16 4 10 0.932 2.478 5.537 0.182 2.812 4.252 0.05 qd_soft ~protein [50] 1 1  160.0 15.0
17 4 20 0.929 2.459 5.463 0.204 2.908 3.432 0.05 qd_soft ~protein [50] 1 1  160.0 15.0
18 4 30 0.93 2.475 5.543 0.18 2.878 3.312 0.05 qd_soft ~protein [50] 1 1  160.0 15.0
19 4 40 0.931 2.474 5.543 0.18 2.835 3.326 0.05 qd_soft ~protein [50] 1 1  160.0 15.0
20 4 50 0.932 2.489 5.565 0.174 2.847 4.543 0.05 qd_soft ~protein [50] 1 1  160.0 15.0
21 5 10 0.928 2.414 5.415 0.214 2.927 3.395 0.05 qd_soft ~protein [50] 1 1  160.0 15.0
22 5 20 0.934 2.452 5.438 0.207 2.704 3.256 0.05 qd_soft ~protein [50] 1 1  160.0 15.0
23 5 30 0.935 2.453 5.428 0.21 2.694 3.265 0.05 qd_soft ~protein [50] 1 1  160.0 15.0
24 5 40 0.933 2.446 5.441 0.207 2.768 4.262 0.05 qd_soft ~protein [50] 1 1  160.0 15.0
25 5 50 0.933 2.464 5.523 0.182 2.769 3.375 0.05 qd_soft ~protein [50] 1 1  160.0 15.0
