EXP split_seed random_seed PICP_test MPIW_test RMSE R2 qd_loss NLL alpha loss data h_size bstraps ensemb soft lambda_in
1 1 10 0.925 2.141 0.565 0.358 2.293 3.899 0.05 qd_soft ~wine [50] 1 1  160.0 15.0
2 1 20 0.919 2.121 0.568 0.352 2.354 1.855 0.05 qd_soft ~wine [50] 1 1  160.0 15.0
3 1 30 0.938 2.062 0.596 0.286 2.105 2.008 0.05 qd_soft ~wine [50] 1 1  160.0 15.0
4 1 40 0.925 2.127 0.572 0.343 2.281 1.797 0.05 qd_soft ~wine [50] 1 1  160.0 15.0
5 1 50 0.938 2.135 0.581 0.321 2.18 1.22 0.05 qd_soft ~wine [50] 1 1  160.0 15.0
6 2 10 0.906 2.263 0.667 0.107 2.658 4.634 0.05 qd_soft ~wine [50] 1 1  160.0 15.0
7 2 20 0.912 2.131 0.66 0.127 2.391 106.438 0.05 qd_soft ~wine [50] 1 1  160.0 15.0
8 2 30 0.912 2.121 0.645 0.166 2.407 2.772 0.05 qd_soft ~wine [50] 1 1  160.0 15.0
9 2 40 0.912 2.298 0.638 0.183 2.566 1.217 0.05 qd_soft ~wine [50] 1 1  160.0 15.0
10 2 50 0.919 2.303 0.63 0.203 2.531 6499966107.49 0.05 qd_soft ~wine [50] 1 1  160.0 15.0
11 3 10 0.881 2.003 0.631 0.305 2.936 3.717 0.05 qd_soft ~wine [50] 1 1  160.0 15.0
12 3 20 0.881 2.115 0.628 0.31 3.058 2.144 0.05 qd_soft ~wine [50] 1 1  160.0 15.0
13 3 30 0.9 2.059 0.634 0.297 2.548 1.454 0.05 qd_soft ~wine [50] 1 1  160.0 15.0
14 3 40 0.894 2.035 0.652 0.258 2.647 1.515 0.05 qd_soft ~wine [50] 1 1  160.0 15.0
15 3 50 0.881 2.054 0.645 0.272 2.971 1.538 0.05 qd_soft ~wine [50] 1 1  160.0 15.0
16 4 10 0.881 2.048 0.724 0.167 2.968 1.776 0.05 qd_soft ~wine [50] 1 1  160.0 15.0
17 4 20 0.9 2.019 0.699 0.224 2.498 1.662 0.05 qd_soft ~wine [50] 1 1  160.0 15.0
18 4 30 0.85 2.089 0.673 0.282 4.057 2.973 0.05 qd_soft ~wine [50] 1 1  160.0 15.0
19 4 40 0.862 2.115 0.679 0.267 3.618 2.71 0.05 qd_soft ~wine [50] 1 1  160.0 15.0
20 4 50 0.906 2.06 0.694 0.235 2.444 8.66 0.05 qd_soft ~wine [50] 1 1  160.0 15.0
21 5 10 0.925 2.111 0.624 0.283 2.224 1.521 0.05 qd_soft ~wine [50] 1 1  160.0 15.0
22 5 20 0.912 2.066 0.627 0.276 2.328 1.114 0.05 qd_soft ~wine [50] 1 1  160.0 15.0
23 5 30 0.938 2.041 0.621 0.291 2.061 1.102 0.05 qd_soft ~wine [50] 1 1  160.0 15.0
24 5 40 0.925 2.088 0.616 0.302 2.202 1.108 0.05 qd_soft ~wine [50] 1 1  160.0 15.0
25 5 50 0.931 2.013 0.625 0.282 2.061 1.222 0.05 qd_soft ~wine [50] 1 1  160.0 15.0
