EXP split_seed random_seed PICP_test MPIW_test RMSE R2 qd_loss NLL alpha loss data h_size bstraps ensemb soft lambda_in
1 1 10 0.667 0.708 3.196 0.89 3.622 3.226 0.05 qd_soft ~boston [50] 1 1  100.0 5.0
1 1 10 0.765 0.85 2.994 0.903 3.368 3.03 0.05 qd_soft ~boston [50] 1 1  100.0 10.0
1 1 10 0.863 0.935 2.961 0.906 1.789 2.825 0.05 qd_soft ~boston [50] 1 1  100.0 15.0
1 1 10 0.824 1.023 3.781 0.846 3.38 10.531 0.05 qd_soft ~boston [50] 1 1  100.0 20.0
1 1 10 0.863 1.028 3.358 0.879 2.439 2.905 0.05 qd_soft ~boston [50] 1 1  100.0 25.0
1 1 10 0.765 0.727 2.961 0.906 2.017 46.139 0.05 qd_soft ~boston [50] 1 1  110.0 5.0
1 1 10 0.824 0.896 3.037 0.901 2.106 5.226 0.05 qd_soft ~boston [50] 1 1  110.0 10.0
1 1 10 0.882 0.922 2.978 0.904 1.435 2.872 0.05 qd_soft ~boston [50] 1 1  110.0 15.0
1 1 10 0.882 1.11 3.009 0.902 1.802 2.652 0.05 qd_soft ~boston [50] 1 1  110.0 20.0
1 1 10 0.863 1.042 3.544 0.865 2.46 81.963 0.05 qd_soft ~boston [50] 1 1  110.0 25.0
1 1 10 0.745 0.737 3.372 0.878 2.292 4.924 0.05 qd_soft ~boston [50] 1 1  120.0 5.0
1 1 10 0.843 0.838 3.507 0.868 1.705 79.247 0.05 qd_soft ~boston [50] 1 1  120.0 10.0
1 1 10 0.902 1.088 3.005 0.903 1.352 2.651 0.05 qd_soft ~boston [50] 1 1  120.0 15.0
1 1 10 0.902 1.07 3.227 0.888 1.453 3.971 0.05 qd_soft ~boston [50] 1 1  120.0 20.0
1 1 10 0.882 1.115 2.958 0.906 1.97 2.68 0.05 qd_soft ~boston [50] 1 1  120.0 25.0
1 1 10 0.725 0.747 3.015 0.902 2.604 3.255 0.05 qd_soft ~boston [50] 1 1  130.0 5.0
1 1 10 0.843 0.9 3.077 0.898 1.747 2.916 0.05 qd_soft ~boston [50] 1 1  130.0 10.0
1 1 10 0.882 0.943 3.004 0.903 1.474 2.853 0.05 qd_soft ~boston [50] 1 1  130.0 15.0
1 1 10 0.804 1.045 3.098 0.897 4.151 2.929 0.05 qd_soft ~boston [50] 1 1  130.0 20.0
1 1 10 0.922 1.195 2.955 0.906 1.387 14.374 0.05 qd_soft ~boston [50] 1 1  130.0 25.0
1 1 10 0.765 0.816 2.974 0.905 2.108 3.2 0.05 qd_soft ~boston [50] 1 1  140.0 5.0
1 1 10 0.804 0.962 3.366 0.878 2.53 3.22 0.05 qd_soft ~boston [50] 1 1  140.0 10.0
1 1 10 0.882 1.118 3.061 0.899 1.646 2.591 0.05 qd_soft ~boston [50] 1 1  140.0 15.0
1 1 10 0.882 1.021 3.02 0.902 1.703 3.252 0.05 qd_soft ~boston [50] 1 1  140.0 20.0
1 1 10 0.843 1.085 3.658 0.856 3.199 23.844 0.05 qd_soft ~boston [50] 1 1  140.0 25.0
1 1 10 0.824 0.792 3.398 0.876 1.412 3983.775 0.05 qd_soft ~boston [50] 1 1  150.0 5.0
1 1 10 0.745 0.985 3.716 0.851 4.089 40.996 0.05 qd_soft ~boston [50] 1 1  150.0 10.0
1 1 10 0.843 1.032 3.11 0.896 2.283 2.608 0.05 qd_soft ~boston [50] 1 1  150.0 15.0
1 1 10 0.824 1.091 3.428 0.873 3.392 2.835 0.05 qd_soft ~boston [50] 1 1  150.0 20.0
1 1 10 0.882 1.14 3.618 0.859 1.967 2.793 0.05 qd_soft ~boston [50] 1 1  150.0 25.0
1 1 10 0.745 0.78 3.06 0.899 2.377 4.342 0.05 qd_soft ~boston [50] 1 1  160.0 5.0
1 1 10 0.824 1.009 3.218 0.888 2.206 2.78 0.05 qd_soft ~boston [50] 1 1  160.0 10.0
1 1 10 0.882 1.005 3.079 0.898 1.534 3.431 0.05 qd_soft ~boston [50] 1 1  160.0 15.0
1 1 10 0.882 1.053 3.147 0.893 1.737 2.899 0.05 qd_soft ~boston [50] 1 1  160.0 20.0
1 1 10 0.824 1.272 3.082 0.898 4.238 3.047 0.05 qd_soft ~boston [50] 1 1  160.0 25.0
1 1 10 0.745 0.805 3.1 0.896 2.371 3.259 0.05 qd_soft ~boston [50] 1 1  170.0 5.0
1 1 10 0.843 0.945 3.015 0.902 1.797 2.941 0.05 qd_soft ~boston [50] 1 1  170.0 10.0
1 1 10 0.902 1.18 3.167 0.892 1.454 2.829 0.05 qd_soft ~boston [50] 1 1  170.0 15.0
1 1 10 0.863 1.084 3.079 0.898 2.234 2.743 0.05 qd_soft ~boston [50] 1 1  170.0 20.0
1 1 10 0.863 1.194 3.672 0.855 2.583 2.886 0.05 qd_soft ~boston [50] 1 1  170.0 25.0
1 1 10 0.725 0.809 3.427 0.873 2.716 8.583 0.05 qd_soft ~boston [50] 1 1  180.0 5.0
1 1 10 0.824 0.977 3.146 0.893 2.156 2.908 0.05 qd_soft ~boston [50] 1 1  180.0 10.0
1 1 10 0.824 1.028 3.42 0.874 2.801 6.115 0.05 qd_soft ~boston [50] 1 1  180.0 15.0
1 1 10 0.882 1.162 3.609 0.86 1.86 3.253 0.05 qd_soft ~boston [50] 1 1  180.0 20.0
1 1 10 0.902 1.214 3.188 0.89 1.653 2.687 0.05 qd_soft ~boston [50] 1 1  180.0 25.0
1 1 10 0.863 0.847 3.164 0.892 1.144 3.194 0.05 qd_soft ~boston [50] 1 1  190.0 5.0
1 1 10 0.863 1.029 2.988 0.904 1.609 2.749 0.05 qd_soft ~boston [50] 1 1  190.0 10.0
1 1 10 0.804 1.063 3.528 0.866 3.42 7.968 0.05 qd_soft ~boston [50] 1 1  190.0 15.0
1 1 10 0.902 1.177 3.111 0.896 1.545 4.955 0.05 qd_soft ~boston [50] 1 1  190.0 20.0
1 1 10 0.941 1.422 3.484 0.869 1.447 2.656 0.05 qd_soft ~boston [50] 1 1  190.0 25.0
1 1 10 0.784 0.905 3.144 0.893 1.96 8.419 0.05 qd_soft ~boston [50] 1 1  200.0 5.0
1 1 10 0.882 1.013 3.04 0.9 1.405 15.929 0.05 qd_soft ~boston [50] 1 1  200.0 10.0
1 1 10 0.902 1.096 3.42 0.874 1.354 2.791 0.05 qd_soft ~boston [50] 1 1  200.0 15.0
1 1 10 0.922 1.195 3.189 0.89 1.333 2.728 0.05 qd_soft ~boston [50] 1 1  200.0 20.0
1 1 10 0.902 1.296 3.584 0.862 1.748 2.934 0.05 qd_soft ~boston [50] 1 1  200.0 25.0
