EXP split_seed random_seed PICP_test MPIW_test RMSE R2 qd_loss NLL alpha loss data h_size bstraps ensemb soft lambda_in
1 1 10 0.825 0.761 6.222 0.832 1.535 3.461 0.05 qd_soft ~concrete [50] 1 1  100.0 5.0
1 1 10 0.913 0.861 5.637 0.862 0.993 3.137 0.05 qd_soft ~concrete [50] 1 1  100.0 10.0
1 1 10 0.816 0.86 6.221 0.832 3.598 3.383 0.05 qd_soft ~concrete [50] 1 1  100.0 15.0
1 1 10 0.864 0.863 5.669 0.86 2.355 3.209 0.05 qd_soft ~concrete [50] 1 1  100.0 20.0
1 1 10 0.922 0.946 6.001 0.843 1.133 3.162 0.05 qd_soft ~concrete [50] 1 1  100.0 25.0
1 1 10 0.806 0.745 5.78 0.855 1.791 3.487 0.05 qd_soft ~concrete [50] 1 1  110.0 5.0
1 1 10 0.845 0.841 6.517 0.815 1.968 3.627 0.05 qd_soft ~concrete [50] 1 1  110.0 10.0
1 1 10 0.874 0.863 6.065 0.84 1.744 3.584 0.05 qd_soft ~concrete [50] 1 1  110.0 15.0
1 1 10 0.845 0.887 6.437 0.82 3.115 3.368 0.05 qd_soft ~concrete [50] 1 1  110.0 20.0
1 1 10 0.883 1.003 6.384 0.823 2.114 3.257 0.05 qd_soft ~concrete [50] 1 1  110.0 25.0
1 1 10 0.738 0.714 6.837 0.797 2.991 4.305 0.05 qd_soft ~concrete [50] 1 1  120.0 5.0
1 1 10 0.777 0.834 6.668 0.807 3.864 3.773 0.05 qd_soft ~concrete [50] 1 1  120.0 10.0
1 1 10 0.835 0.885 6.239 0.831 2.888 3.345 0.05 qd_soft ~concrete [50] 1 1  120.0 15.0
1 1 10 0.883 0.919 6.154 0.835 1.809 3.196 0.05 qd_soft ~concrete [50] 1 1  120.0 20.0
1 1 10 0.903 0.988 6.149 0.836 1.547 3.257 0.05 qd_soft ~concrete [50] 1 1  120.0 25.0
1 1 10 0.806 0.779 6.056 0.841 1.822 3.523 0.05 qd_soft ~concrete [50] 1 1  130.0 5.0
1 1 10 0.786 0.855 6.186 0.834 3.557 3.451 0.05 qd_soft ~concrete [50] 1 1  130.0 10.0
1 1 10 0.845 0.892 6.392 0.822 2.576 3.526 0.05 qd_soft ~concrete [50] 1 1  130.0 15.0
1 1 10 0.835 0.942 6.376 0.823 3.601 3.357 0.05 qd_soft ~concrete [50] 1 1  130.0 20.0
1 1 10 0.903 1.035 6.183 0.834 1.594 3.195 0.05 qd_soft ~concrete [50] 1 1  130.0 25.0
1 1 10 0.806 0.765 6.372 0.824 1.804 3.766 0.05 qd_soft ~concrete [50] 1 1  140.0 5.0
1 1 10 0.816 0.804 5.944 0.846 2.645 4.009 0.05 qd_soft ~concrete [50] 1 1  140.0 10.0
1 1 10 0.845 0.978 6.743 0.802 2.669 3.564 0.05 qd_soft ~concrete [50] 1 1  140.0 15.0
1 1 10 0.893 0.983 5.983 0.844 1.644 3.219 0.05 qd_soft ~concrete [50] 1 1  140.0 20.0
1 1 10 0.893 1.048 6.488 0.817 1.856 3.225 0.05 qd_soft ~concrete [50] 1 1  140.0 25.0
1 1 10 0.816 0.748 5.827 0.852 1.663 3.596 0.05 qd_soft ~concrete [50] 1 1  150.0 5.0
1 1 10 0.845 0.859 6.263 0.83 1.963 3.392 0.05 qd_soft ~concrete [50] 1 1  150.0 10.0
1 1 10 0.835 0.958 6.595 0.811 2.96 3.43 0.05 qd_soft ~concrete [50] 1 1  150.0 15.0
1 1 10 0.864 0.893 6.26 0.83 2.375 3.335 0.05 qd_soft ~concrete [50] 1 1  150.0 20.0
1 1 10 0.864 0.98 6.554 0.813 2.842 3.48 0.05 qd_soft ~concrete [50] 1 1  150.0 25.0
1 1 10 0.796 0.737 5.797 0.854 1.946 3.861 0.05 qd_soft ~concrete [50] 1 1  160.0 5.0
1 1 10 0.864 0.821 6.149 0.836 1.553 3.361 0.05 qd_soft ~concrete [50] 1 1  160.0 10.0
1 1 10 0.913 0.944 5.925 0.847 1.156 3.244 0.05 qd_soft ~concrete [50] 1 1  160.0 15.0
1 1 10 0.922 0.988 6.161 0.835 1.133 3.219 0.05 qd_soft ~concrete [50] 1 1  160.0 20.0
1 1 10 0.854 1.061 6.691 0.805 3.359 3.32 0.05 qd_soft ~concrete [50] 1 1  160.0 25.0
1 1 10 0.835 0.77 5.69 0.859 1.416 3.433 0.05 qd_soft ~concrete [50] 1 1  170.0 5.0
1 1 10 0.806 0.852 6.255 0.83 2.938 3.404 0.05 qd_soft ~concrete [50] 1 1  170.0 10.0
1 1 10 0.942 0.964 5.887 0.849 0.964 3.171 0.05 qd_soft ~concrete [50] 1 1  170.0 15.0
1 1 10 0.816 0.932 6.386 0.823 4.596 3.336 0.05 qd_soft ~concrete [50] 1 1  170.0 20.0
1 1 10 0.864 1.062 6.803 0.799 2.924 3.36 0.05 qd_soft ~concrete [50] 1 1  170.0 25.0
1 1 10 0.854 0.787 5.714 0.858 1.244 3.299 0.05 qd_soft ~concrete [50] 1 1  180.0 5.0
1 1 10 0.854 0.898 6.418 0.821 1.82 3.451 0.05 qd_soft ~concrete [50] 1 1  180.0 10.0
1 1 10 0.864 0.934 6.238 0.831 2.052 3.357 0.05 qd_soft ~concrete [50] 1 1  180.0 15.0
1 1 10 0.942 1.046 5.992 0.844 1.062 3.106 0.05 qd_soft ~concrete [50] 1 1  180.0 20.0
1 1 10 0.913 1.138 6.449 0.819 1.486 3.246 0.05 qd_soft ~concrete [50] 1 1  180.0 25.0
1 1 10 0.777 0.724 5.685 0.86 2.243 3.752 0.05 qd_soft ~concrete [50] 1 1  190.0 5.0
1 1 10 0.845 0.938 6.409 0.821 2.045 3.364 0.05 qd_soft ~concrete [50] 1 1  190.0 10.0
1 1 10 0.864 0.943 6.537 0.814 2.062 3.483 0.05 qd_soft ~concrete [50] 1 1  190.0 15.0
1 1 10 0.854 0.998 6.643 0.808 2.832 3.3 0.05 qd_soft ~concrete [50] 1 1  190.0 20.0
1 1 10 0.961 1.237 6.47 0.818 1.23 3.209 0.05 qd_soft ~concrete [50] 1 1  190.0 25.0
1 1 10 0.825 0.857 6.496 0.817 1.616 3.422 0.05 qd_soft ~concrete [50] 1 1  200.0 5.0
1 1 10 0.864 0.93 6.283 0.828 1.674 3.396 0.05 qd_soft ~concrete [50] 1 1  200.0 10.0
1 1 10 0.883 1.06 6.746 0.802 1.72 3.346 0.05 qd_soft ~concrete [50] 1 1  200.0 15.0
1 1 10 0.893 1.054 6.28 0.829 1.694 3.182 0.05 qd_soft ~concrete [50] 1 1  200.0 20.0
1 1 10 0.922 1.142 6.432 0.82 1.325 3.265 0.05 qd_soft ~concrete [50] 1 1  200.0 25.0
