EXP split_seed random_seed PICP_test MPIW_test RMSE R2 qd_loss NLL alpha loss data h_size bstraps ensemb soft lambda_in
1 1 10 0.938 0.797 4.207 0.941 0.819 2.89 0.05 qd_soft ~power [50] 1 1  100.0 5.0
1 1 10 0.948 0.842 4.225 0.941 0.845 2.884 0.05 qd_soft ~power [50] 1 1  100.0 10.0
1 1 10 0.954 0.872 4.259 0.94 0.874 2.871 0.05 qd_soft ~power [50] 1 1  100.0 15.0
1 1 10 0.957 0.881 4.238 0.94 0.882 2.862 0.05 qd_soft ~power [50] 1 1  100.0 20.0
1 1 10 0.958 0.899 4.249 0.94 0.899 2.865 0.05 qd_soft ~power [50] 1 1  100.0 25.0
1 1 10 0.937 0.803 4.219 0.941 0.83 2.889 0.05 qd_soft ~power [50] 1 1  110.0 5.0
1 1 10 0.944 0.845 4.253 0.94 0.859 2.88 0.05 qd_soft ~power [50] 1 1  110.0 10.0
1 1 10 0.952 0.869 4.263 0.94 0.871 2.875 0.05 qd_soft ~power [50] 1 1  110.0 15.0
1 1 10 0.956 0.885 4.269 0.939 0.888 2.881 0.05 qd_soft ~power [50] 1 1  110.0 20.0
1 1 10 0.954 0.897 4.282 0.939 0.898 2.875 0.05 qd_soft ~power [50] 1 1  110.0 25.0
1 1 10 0.934 0.806 4.201 0.941 0.846 2.89 0.05 qd_soft ~power [50] 1 1  120.0 5.0
1 1 10 0.951 0.846 4.235 0.94 0.847 2.875 0.05 qd_soft ~power [50] 1 1  120.0 10.0
1 1 10 0.953 0.868 4.268 0.939 0.87 2.886 0.05 qd_soft ~power [50] 1 1  120.0 15.0
1 1 10 0.956 0.882 4.255 0.94 0.883 2.865 0.05 qd_soft ~power [50] 1 1  120.0 20.0
1 1 10 0.958 0.903 4.246 0.94 0.902 2.857 0.05 qd_soft ~power [50] 1 1  120.0 25.0
1 1 10 0.935 0.808 4.216 0.941 0.843 2.886 0.05 qd_soft ~power [50] 1 1  130.0 5.0
1 1 10 0.952 0.855 4.265 0.94 0.856 2.881 0.05 qd_soft ~power [50] 1 1  130.0 10.0
1 1 10 0.95 0.874 4.294 0.939 0.876 2.889 0.05 qd_soft ~power [50] 1 1  130.0 15.0
1 1 10 0.956 0.889 4.29 0.939 0.891 2.881 0.05 qd_soft ~power [50] 1 1  130.0 20.0
1 1 10 0.959 0.897 4.298 0.939 0.898 2.882 0.05 qd_soft ~power [50] 1 1  130.0 25.0
1 1 10 0.939 0.806 4.233 0.94 0.824 2.89 0.05 qd_soft ~power [50] 1 1  140.0 5.0
1 1 10 0.953 0.843 4.221 0.941 0.843 2.871 0.05 qd_soft ~power [50] 1 1  140.0 10.0
1 1 10 0.949 0.868 4.254 0.94 0.871 2.878 0.05 qd_soft ~power [50] 1 1  140.0 15.0
1 1 10 0.957 0.888 4.257 0.94 0.889 2.869 0.05 qd_soft ~power [50] 1 1  140.0 20.0
1 1 10 0.958 0.906 4.254 0.94 0.907 2.865 0.05 qd_soft ~power [50] 1 1  140.0 25.0
1 1 10 0.934 0.806 4.255 0.94 0.846 2.898 0.05 qd_soft ~power [50] 1 1  150.0 5.0
1 1 10 0.944 0.849 4.262 0.94 0.864 2.884 0.05 qd_soft ~power [50] 1 1  150.0 10.0
1 1 10 0.954 0.877 4.266 0.939 0.877 2.878 0.05 qd_soft ~power [50] 1 1  150.0 15.0
1 1 10 0.955 0.888 4.232 0.94 0.889 2.861 0.05 qd_soft ~power [50] 1 1  150.0 20.0
1 1 10 0.957 0.91 4.251 0.94 0.912 2.865 0.05 qd_soft ~power [50] 1 1  150.0 25.0
1 1 10 0.938 0.798 4.205 0.941 0.82 2.889 0.05 qd_soft ~power [50] 1 1  160.0 5.0
1 1 10 0.947 0.846 4.227 0.941 0.85 2.868 0.05 qd_soft ~power [50] 1 1  160.0 10.0
1 1 10 0.955 0.887 4.261 0.94 0.888 2.867 0.05 qd_soft ~power [50] 1 1  160.0 15.0
1 1 10 0.951 0.897 4.267 0.939 0.901 2.875 0.05 qd_soft ~power [50] 1 1  160.0 20.0
1 1 10 0.956 0.908 4.27 0.939 0.909 2.868 0.05 qd_soft ~power [50] 1 1  160.0 25.0
1 1 10 0.937 0.804 4.226 0.941 0.831 2.904 0.05 qd_soft ~power [50] 1 1  170.0 5.0
1 1 10 0.946 0.852 4.258 0.94 0.86 2.888 0.05 qd_soft ~power [50] 1 1  170.0 10.0
1 1 10 0.952 0.878 4.273 0.939 0.88 2.875 0.05 qd_soft ~power [50] 1 1  170.0 15.0
1 1 10 0.953 0.881 4.264 0.94 0.882 2.871 0.05 qd_soft ~power [50] 1 1  170.0 20.0
1 1 10 0.957 0.913 4.305 0.938 0.915 2.878 0.05 qd_soft ~power [50] 1 1  170.0 25.0
1 1 10 0.933 0.806 4.24 0.94 0.852 2.899 0.05 qd_soft ~power [50] 1 1  180.0 5.0
1 1 10 0.947 0.861 4.27 0.939 0.866 2.871 0.05 qd_soft ~power [50] 1 1  180.0 10.0
1 1 10 0.953 0.882 4.269 0.939 0.883 2.868 0.05 qd_soft ~power [50] 1 1  180.0 15.0
1 1 10 0.954 0.9 4.284 0.939 0.9 2.868 0.05 qd_soft ~power [50] 1 1  180.0 20.0
1 1 10 0.961 0.904 4.291 0.939 0.905 2.869 0.05 qd_soft ~power [50] 1 1  180.0 25.0
1 1 10 0.934 0.809 4.283 0.939 0.85 2.922 0.05 qd_soft ~power [50] 1 1  190.0 5.0
1 1 10 0.952 0.854 4.286 0.939 0.856 2.894 0.05 qd_soft ~power [50] 1 1  190.0 10.0
1 1 10 0.949 0.869 4.265 0.94 0.871 2.867 0.05 qd_soft ~power [50] 1 1  190.0 15.0
1 1 10 0.957 0.894 4.269 0.939 0.896 2.873 0.05 qd_soft ~power [50] 1 1  190.0 20.0
1 1 10 0.958 0.91 4.329 0.938 0.911 2.877 0.05 qd_soft ~power [50] 1 1  190.0 25.0
1 1 10 0.934 0.809 4.243 0.94 0.849 2.896 0.05 qd_soft ~power [50] 1 1  200.0 5.0
1 1 10 0.946 0.849 4.265 0.94 0.857 2.878 0.05 qd_soft ~power [50] 1 1  200.0 10.0
1 1 10 0.954 0.875 4.295 0.939 0.877 2.896 0.05 qd_soft ~power [50] 1 1  200.0 15.0
1 1 10 0.956 0.906 4.265 0.94 0.906 2.865 0.05 qd_soft ~power [50] 1 1  200.0 20.0
1 1 10 0.954 0.907 4.268 0.939 0.908 2.875 0.05 qd_soft ~power [50] 1 1  200.0 25.0
