EXP split_seed random_seed PICP_test MPIW_test RMSE R2 qd_loss NLL alpha loss data h_size bstraps ensemb soft lambda_in
1 1 10 0.968 0.632 1.671 0.984 0.642 2.012 0.05 qd_soft ~yacht [50] 1 1  100.0 5.0
1 1 10 0.935 0.294 1.372 0.989 0.295 1.284 0.05 qd_soft ~yacht [50] 1 1  100.0 10.0
1 1 10 1.0 0.717 3.288 0.938 0.717 2.492 0.05 qd_soft ~yacht [50] 1 1  100.0 15.0
1 1 10 1.0 0.454 1.914 0.979 0.454 1.626 0.05 qd_soft ~yacht [50] 1 1  100.0 20.0
1 1 10 1.0 0.867 4.041 0.906 0.867 2.398 0.05 qd_soft ~yacht [50] 1 1  100.0 25.0
1 1 10 0.968 0.454 1.393 0.989 0.446 1.518 0.05 qd_soft ~yacht [50] 1 1  110.0 5.0
1 1 10 1.0 0.326 1.414 0.989 0.326 1.242 0.05 qd_soft ~yacht [50] 1 1  110.0 10.0
1 1 10 1.0 0.496 1.916 0.979 0.496 1.813 0.05 qd_soft ~yacht [50] 1 1  110.0 15.0
1 1 10 0.968 0.785 3.346 0.936 0.787 2.462 0.05 qd_soft ~yacht [50] 1 1  110.0 20.0
1 1 10 0.935 1.059 4.475 0.885 1.09 2.75 0.05 qd_soft ~yacht [50] 1 1  110.0 25.0
1 1 10 1.0 0.265 0.972 0.995 0.265 1.048 0.05 qd_soft ~yacht [50] 1 1  120.0 5.0
1 1 10 0.968 1.05 1.527 0.987 1.081 2.276 0.05 qd_soft ~yacht [50] 1 1  120.0 10.0
1 1 10 0.935 0.894 3.789 0.918 0.903 2.581 0.05 qd_soft ~yacht [50] 1 1  120.0 15.0
1 1 10 0.968 0.565 2.003 0.977 0.552 1.793 0.05 qd_soft ~yacht [50] 1 1  120.0 20.0
1 1 10 0.968 0.716 3.098 0.945 0.707 2.226 0.05 qd_soft ~yacht [50] 1 1  120.0 25.0
1 1 10 0.935 0.29 1.21 0.992 0.305 1.419 0.05 qd_soft ~yacht [50] 1 1  130.0 5.0
1 1 10 0.968 0.712 2.151 0.973 0.696 1.979 0.05 qd_soft ~yacht [50] 1 1  130.0 10.0
1 1 10 0.935 0.577 2.369 0.968 0.616 2.003 0.05 qd_soft ~yacht [50] 1 1  130.0 15.0
1 1 10 0.968 0.444 2.303 0.97 0.442 1.6 0.05 qd_soft ~yacht [50] 1 1  130.0 20.0
1 1 10 0.968 0.698 3.402 0.933 0.714 2.308 0.05 qd_soft ~yacht [50] 1 1  130.0 25.0
1 1 10 0.903 0.24 1.332 0.99 0.3 17.673 0.05 qd_soft ~yacht [50] 1 1  140.0 5.0
1 1 10 1.0 0.432 2.033 0.976 0.432 1.649 0.05 qd_soft ~yacht [50] 1 1  140.0 10.0
1 1 10 0.903 0.568 3.001 0.948 0.754 2.805 0.05 qd_soft ~yacht [50] 1 1  140.0 15.0
1 1 10 0.968 0.587 2.627 0.96 0.606 2.391 0.05 qd_soft ~yacht [50] 1 1  140.0 20.0
1 1 10 0.968 0.721 2.979 0.949 0.702 2.117 0.05 qd_soft ~yacht [50] 1 1  140.0 25.0
1 1 10 0.839 0.254 1.887 0.98 0.583 1.504 0.05 qd_soft ~yacht [50] 1 1  150.0 5.0
1 1 10 0.968 0.592 2.79 0.955 0.579 1.984 0.05 qd_soft ~yacht [50] 1 1  150.0 10.0
1 1 10 0.968 0.578 2.122 0.974 0.587 1.888 0.05 qd_soft ~yacht [50] 1 1  150.0 15.0
1 1 10 1.0 0.803 2.789 0.955 0.803 2.232 0.05 qd_soft ~yacht [50] 1 1  150.0 20.0
1 1 10 0.935 0.77 2.858 0.953 0.818 2.539 0.05 qd_soft ~yacht [50] 1 1  150.0 25.0
1 1 10 0.968 0.332 1.677 0.984 0.336 1.54 0.05 qd_soft ~yacht [50] 1 1  160.0 5.0
1 1 10 0.935 0.607 2.321 0.969 0.589 1.914 0.05 qd_soft ~yacht [50] 1 1  160.0 10.0
1 1 10 0.935 0.754 2.756 0.956 0.8 2.628 0.05 qd_soft ~yacht [50] 1 1  160.0 15.0
1 1 10 0.903 0.67 3.018 0.948 0.888 2.254 0.05 qd_soft ~yacht [50] 1 1  160.0 20.0
1 1 10 0.935 0.858 3.285 0.938 0.907 2.43 0.05 qd_soft ~yacht [50] 1 1  160.0 25.0
1 1 10 0.968 0.41 1.893 0.979 0.403 1.666 0.05 qd_soft ~yacht [50] 1 1  170.0 5.0
1 1 10 0.903 0.469 2.449 0.966 0.567 1.897 0.05 qd_soft ~yacht [50] 1 1  170.0 10.0
1 1 10 0.871 0.563 3.045 0.947 1.091 2.637 0.05 qd_soft ~yacht [50] 1 1  170.0 15.0
1 1 10 0.935 0.853 4.251 0.896 0.82 2.511 0.05 qd_soft ~yacht [50] 1 1  170.0 20.0
1 1 10 0.903 0.769 3.784 0.918 1.077 2.622 0.05 qd_soft ~yacht [50] 1 1  170.0 25.0
1 1 10 1.0 0.402 1.722 0.983 0.402 1.539 0.05 qd_soft ~yacht [50] 1 1  180.0 5.0
1 1 10 0.935 0.588 3.284 0.938 0.604 2.145 0.05 qd_soft ~yacht [50] 1 1  180.0 10.0
1 1 10 0.968 0.825 3.706 0.921 0.807 2.403 0.05 qd_soft ~yacht [50] 1 1  180.0 15.0
1 1 10 0.839 0.577 3.585 0.926 1.959 2.756 0.05 qd_soft ~yacht [50] 1 1  180.0 20.0
1 1 10 0.935 1.118 3.69 0.922 1.175 2.65 0.05 qd_soft ~yacht [50] 1 1  180.0 25.0
1 1 10 1.0 0.375 1.661 0.984 0.375 1.525 0.05 qd_soft ~yacht [50] 1 1  190.0 5.0
1 1 10 1.0 0.767 3.037 0.947 0.767 2.276 0.05 qd_soft ~yacht [50] 1 1  190.0 10.0
1 1 10 0.903 1.171 3.451 0.932 1.444 3.037 0.05 qd_soft ~yacht [50] 1 1  190.0 15.0
1 1 10 0.968 0.882 3.207 0.941 0.899 2.363 0.05 qd_soft ~yacht [50] 1 1  190.0 20.0
1 1 10 0.903 0.761 3.49 0.93 1.064 2.423 0.05 qd_soft ~yacht [50] 1 1  190.0 25.0
1 1 10 0.968 0.375 2.028 0.976 0.362 1.468 0.05 qd_soft ~yacht [50] 1 1  200.0 5.0
1 1 10 1.0 0.76 2.454 0.965 0.76 2.185 0.05 qd_soft ~yacht [50] 1 1  200.0 10.0
1 1 10 0.935 0.682 2.912 0.951 0.685 2.174 0.05 qd_soft ~yacht [50] 1 1  200.0 15.0
1 1 10 0.871 0.882 4.463 0.886 1.598 2.726 0.05 qd_soft ~yacht [50] 1 1  200.0 20.0
1 1 10 0.935 0.909 3.206 0.941 0.994 2.81 0.05 qd_soft ~yacht [50] 1 1  200.0 25.0
