269
7
212
221
164
56
268
153
198
234
281
113
321
63
331
276
316
78
146
21
327
145
49
191
341
162
317
186
284
261
22
303
102
310
135
238
66
133
12
196
200
295
240
17
179
301
155
233
116
103
150
278
283
173
275
299
199
224
81
1
136
8
326
246
218
282
132
204
271
254
33
343
34
171
97
85
214
159
190
356
325
167
108
46
315
216
73
137
346
176
168
29
260
247
297
319
27
230
175
156
170
138
360
332
245
358
35
229
215
235
231
44
217
129
93
111
166
249
223
18
305
79
272
71
225
306
350
210
160
250
161
83
189
361
118
206
236
340
110
149
157
152
16
237
75
109
296
205
252
139
357
4
96
14
61
67
289
194
154
264
330
241
338
40
112
13
107
226
354
3
248
125
24
30
77
232
188
184
336
309
344
19
311
313
182
359
80
51
2
11
104
270
86
10
36
347
58
41
50
209
287
286
300
123
222
62
274
130
187
23
43
0
201
307
98
178
256
94
334
95
318
169
69
48
207
279
227
148
143
180
131
324
362
262
203
84
121
312
339
91
82
267
119
291
57
257
322
42
105
273
320
38
53
348
128
290
28
183
163
151
244
202
31
32
127
185
342
288
329
147
285
335
177
99
197
243
115
265
72
333
25
165
337
349
174
351
39
193
314
88
70
87
292
242
277
211
9
195
251
323
192
117
47
172
308
258
45
26
219
345
89
126
114
6
302
140
363
60
266
328
106
100
101
259
141
92
304
352
134
253
68
353
255
124
181
293
15
37
54
5
59
122
120
298
142
263
355
228
20
55
90
213
239
64
158
208
76
280
74
52
65
144
220
294
