6.773342192173004150e-02
2.450384199619293213e-02
1.152250990271568298e-01
1.321719735860824585e-01
3.894449397921562195e-02
5.190029274672269821e-03
6.322987377643585205e-02
1.287294086068868637e-02
1.342396736145019531e-01
5.395295619964599609e-01
3.710548207163810730e-02
4.379189631436020136e-04
3.812333568930625916e-02
6.178649142384529114e-03
5.060121789574623108e-02
5.910445377230644226e-02
3.188439458608627319e-02
3.276213537901639938e-03
1.306805643253028393e-03
1.455721445381641388e-02
4.561006277799606323e-02
1.014221110381186008e-03
9.085386991500854492e-03
7.442287355661392212e-02
6.307910382747650146e-02
2.121859043836593628e-02
3.313218057155609131e-02
7.462474703788757324e-02
2.885643392801284790e-02
1.364750713109970093e-01
1.361717469990253448e-02
3.288767486810684204e-02
1.454178942367434502e-03
2.556893602013587952e-02
2.957379911094903946e-04
8.655552268028259277e-01
5.681795533746480942e-03
1.454178942367434502e-03
1.627579331398010254e-02
1.010522693395614624e-01
1.445192247629165649e-01
2.234654128551483154e-02
7.024200558662414551e-01
1.399190817028284073e-02
8.931813389062881470e-02
2.453046478331089020e-02
1.861824095249176025e-02
5.347626805305480957e-01
1.014221110381186008e-03
1.454178942367434502e-03
2.965908264741301537e-03
4.562524706125259399e-02
3.089100681245326996e-02
7.569930702447891235e-02
4.980391636490821838e-02
1.892796531319618225e-02
1.454789489507675171e-01
1.737004816532135010e-01
3.589061088860034943e-03
2.388095296919345856e-02
1.602264237590134144e-03
2.162422239780426025e-02
4.436227679252624512e-02
5.859303474426269531e-01
1.270471662282943726e-01
3.263591229915618896e-02
1.306805643253028393e-03
1.139056384563446045e-01
6.414762884378433228e-02
2.748561799526214600e-01
9.085386991500854492e-03
6.557469069957733154e-02
1.158765237778425217e-02
7.102074474096298218e-02
1.751053030602633953e-03
2.965908264741301537e-03
1.108084619045257568e-01
2.681416645646095276e-02
7.719884812831878662e-02
8.438965678215026855e-02
4.311449080705642700e-02
6.542896479368209839e-02
8.690254762768745422e-04
9.437078610062599182e-03
3.335972130298614502e-02
1.156863123178482056e-01
3.904411802068352699e-03
2.505319891497492790e-03
6.931804865598678589e-02
8.212429285049438477e-02
6.838216632604598999e-02
1.343046315014362335e-02
1.478468626737594604e-01
4.981121718883514404e-01
2.033467032015323639e-02
3.562775626778602600e-02
1.305834483355283737e-02
6.615815162658691406e-01
8.068740367889404297e-02
2.182758599519729614e-02
7.857955992221832275e-02
1.014221110381186008e-03
8.898860216140747070e-02
5.184900388121604919e-02
6.441229581832885742e-01
8.155538886785507202e-02
1.158765237778425217e-02
6.538779735565185547e-01
1.202345713973045349e-01
5.561527013778686523e-01
6.250267028808593750e-01
8.214886300265789032e-03
1.205598339438438416e-01
2.050714334473013878e-03
2.811723621562123299e-03
1.602264237590134144e-03
5.586232990026473999e-02
3.904425501823425293e-01
1.488625705242156982e-01
1.589099690318107605e-02
3.339947387576103210e-02
3.120739478617906570e-03
6.154455244541168213e-02
5.681795533746480942e-03
1.881986409425735474e-01
2.941794879734516144e-02
7.430920749902725220e-02
1.090442761778831482e-01
2.408823929727077484e-02
3.619837760925292969e-01
1.881599426269531250e-02
3.432322526350617409e-03
7.495416700839996338e-02
7.365377992391586304e-02
2.050714334473013878e-03
1.015624403953552246e-01
6.218132972717285156e-01
6.183131784200668335e-02
1.602264237590134144e-03
1.900538802146911621e-03
2.388095296919345856e-02
8.042308501899242401e-03
1.380432210862636566e-02
6.778331995010375977e-01
5.027258303016424179e-03
1.306805643253028393e-03
2.120161987841129303e-02
1.142538040876388550e-01
3.304455280303955078e-01
7.245708839036524296e-04
8.308035880327224731e-02
2.081442251801490784e-02
2.658192301169037819e-03
1.493620593100786209e-02
2.658192301169037819e-03
4.542453214526176453e-03
2.659063227474689484e-02
8.059617131948471069e-02
1.646880246698856354e-02
7.411187142133712769e-02
4.935342818498611450e-02
6.758551597595214844e-01
5.933573842048645020e-02
8.387973532080650330e-03
1.160150743089616299e-03
1.474649738520383835e-02
1.900538802146911621e-03
2.106626182794570923e-01
7.930034399032592773e-02
2.142122387886047363e-02
4.282574057579040527e-01
1.160150743089616299e-03
1.158765237778425217e-02
1.399190817028284073e-02
3.120739478617906570e-03
5.599939227104187012e-01
6.801397353410720825e-02
9.087970107793807983e-02
5.684017390012741089e-02
2.607034891843795776e-02
6.682246923446655273e-02
1.213579066097736359e-02
2.760444767773151398e-02
2.329826168715953827e-02
1.001553013920783997e-01
8.349008113145828247e-02
3.276213537901639938e-03
7.187201641499996185e-03
2.223540097475051880e-02
1.783110946416854858e-02
1.900538802146911621e-03
6.711260974407196045e-02
3.120739478617906570e-03
1.842087507247924805e-02
1.050383783876895905e-02
7.056584209203720093e-02
7.187201641499996185e-03
9.437078610062599182e-03
8.735677227377891541e-03
1.033356562256813049e-01
2.730234712362289429e-02
2.577100694179534912e-02
1.992774009704589844e-02
2.658192301169037819e-03
1.390540748834609985e-01
6.178649142384529114e-03
5.268970131874084473e-02
1.602264237590134144e-03
6.991821527481079102e-02
1.287294086068868637e-02
9.085386991500854492e-03
2.492083050310611725e-02
1.309420764446258545e-01
2.932995930314064026e-02
1.751053030602633953e-03
8.233566582202911377e-02
2.344918251037597656e-01
1.900538802146911621e-03
5.434458702802658081e-02
2.505319891497492790e-03
3.437996655702590942e-02
8.398295938968658447e-02
1.751053030602633953e-03
8.561572991311550140e-03
9.864909201860427856e-02
3.439801558852195740e-02
3.336682319641113281e-01
2.811723621562123299e-03
1.014221110381186008e-03
9.719749540090560913e-02
1.602264237590134144e-03
4.186670482158660889e-02
7.609845697879791260e-02
1.182135045528411865e-01
1.151568219065666199e-01
3.432322526350617409e-03
1.900538802146911621e-03
2.365045808255672455e-02
6.058353185653686523e-02
2.201573923230171204e-03
3.589061088860034943e-03
5.021138489246368408e-02
7.245708839036524296e-04
2.515300922095775604e-02
5.846854299306869507e-03
2.172967791557312012e-01
3.937112540006637573e-02
8.910279721021652222e-03
1.751053030602633953e-03
5.702007934451103210e-02
3.687554597854614258e-02
1.140585448592901230e-02
5.517301615327596664e-03
7.181362807750701904e-02
2.505319891497492790e-03
2.494904026389122009e-02
9.790733456611633301e-03
9.703017771244049072e-02
2.745132148265838623e-02
5.027258303016424179e-03
7.073682546615600586e-01
1.187262907624244690e-01
1.050383783876895905e-02
7.698698900640010834e-03
2.353111747652292252e-03
7.909151911735534668e-02
6.432688981294631958e-02
2.763170003890991211e-02
4.810563847422599792e-02
2.353111747652292252e-03
2.729277685284614563e-02
5.559237673878669739e-02
8.447934687137603760e-02
1.751053030602633953e-03
1.208858788013458252e-01
7.109907865524291992e-01
1.900538802146911621e-03
4.699409753084182739e-02
6.012472324073314667e-03
5.309679731726646423e-02
1.122452039271593094e-02
4.783605039119720459e-02
5.808794870972633362e-02
7.306141406297683716e-02
8.084384351968765259e-02
7.555698603391647339e-02
9.260985068976879120e-03
6.988150626420974731e-02
2.808574587106704712e-02
2.965908264741301537e-03
6.178649142384529114e-03
3.120739478617906570e-03
2.275577932596206665e-02
6.370121836662292480e-01
5.962493270635604858e-02
1.144088432192802429e-01
1.961083523929119110e-02
8.582416921854019165e-02
3.553046286106109619e-01
4.061891138553619385e-02
6.860003620386123657e-02
1.602264237590134144e-03
6.848853081464767456e-03
6.891557574272155762e-02
2.715261280536651611e-02
2.057952135801315308e-01
8.387973532080650330e-03
9.260985068976879120e-03
1.432920545339584351e-01
6.807026267051696777e-02
2.965908264741301537e-03
2.201573923230171204e-03
8.690254762768745422e-04
2.492083050310611725e-02
3.439121320843696594e-02
7.245708839036524296e-04
7.973310351371765137e-02
5.353379528969526291e-03
5.311077460646629333e-02
4.685785621404647827e-02
1.751053030602633953e-03
1.014221110381186008e-03
2.353111747652292252e-03
1.696168929338455200e-01
1.014221110381186008e-03
1.454178942367434502e-03
3.273465111851692200e-02
7.680477201938629150e-02
1.751053030602633953e-03
2.909173369407653809e-01
1.900538802146911621e-03
7.805256545543670654e-02
2.512226104736328125e-01
5.808661226183176041e-04
1.064695119857788086e-01
2.167369425296783447e-02
1.399190817028284073e-02
9.613663889467716217e-03
3.904411802068352699e-03
1.981049776077270508e-02
7.357171270996332169e-03
2.353111747652292252e-03
1.306805643253028393e-03
1.866343989968299866e-02
1.160150743089616299e-03
1.152629032731056213e-01
8.177711814641952515e-02
4.860349297523498535e-01
1.268798578530550003e-02
4.063011612743139267e-03
2.658192301169037819e-03
1.095455810427665710e-01
6.834772229194641113e-01
2.811723621562123299e-03
2.596930228173732758e-02
9.058833122253417969e-02
3.120739478617906570e-03
3.477009385824203491e-02
5.517301615327596664e-03
8.214886300265789032e-03
3.589061088860034943e-03
1.014221110381186008e-03
1.400301754474639893e-01
2.112894318997859955e-02
