EXP split_seed random_seed PICP_test MPIW_test RMSE R2 qd_loss NLL alpha loss data h_size bstraps ensemb soft lambda_in
1 1 10 0.913 0.944 5.925 0.847 1.156 3.244 0.05 qd_soft ~concrete [50] 1 1  160.0 15.0
2 1 20 0.748 0.887 6.552 0.813 7.105 3.588 0.05 qd_soft ~concrete [50] 1 1  160.0 15.0
3 1 30 0.874 0.928 6.486 0.817 1.802 3.378 0.05 qd_soft ~concrete [50] 1 1  160.0 15.0
4 1 40 0.893 1.042 6.478 0.818 1.521 3.305 0.05 qd_soft ~concrete [50] 1 1  160.0 15.0
5 1 50 0.854 0.958 6.586 0.812 2.333 3.328 0.05 qd_soft ~concrete [50] 1 1  160.0 15.0
6 2 10 0.845 0.826 5.211 0.877 2.53 3.249 0.05 qd_soft ~concrete [50] 1 1  160.0 15.0
7 2 20 0.893 0.851 4.988 0.887 1.336 2.957 0.05 qd_soft ~concrete [50] 1 1  160.0 15.0
8 2 30 0.942 0.882 4.93 0.89 0.889 2.893 0.05 qd_soft ~concrete [50] 1 1  160.0 15.0
9 2 40 0.893 0.853 5.012 0.886 1.353 3.05 0.05 qd_soft ~concrete [50] 1 1  160.0 15.0
10 2 50 0.883 0.815 5.291 0.873 1.475 3.049 0.05 qd_soft ~concrete [50] 1 1  160.0 15.0
11 3 10 0.816 0.839 5.93 0.885 3.6 3.577 0.05 qd_soft ~concrete [50] 1 1  160.0 15.0
12 3 20 0.825 0.828 6.004 0.883 3.198 3.373 0.05 qd_soft ~concrete [50] 1 1  160.0 15.0
13 3 30 0.816 0.808 5.782 0.891 3.557 3.439 0.05 qd_soft ~concrete [50] 1 1  160.0 15.0
14 3 40 0.883 0.771 5.784 0.891 1.44 3.398 0.05 qd_soft ~concrete [50] 1 1  160.0 15.0
15 3 50 0.883 0.828 5.69 0.894 1.51 3.362 0.05 qd_soft ~concrete [50] 1 1  160.0 15.0
16 4 10 0.883 0.971 6.017 0.884 1.647 3.966 0.05 qd_soft ~concrete [50] 1 1  160.0 15.0
17 4 20 0.883 0.87 6.682 0.857 1.554 3.58 0.05 qd_soft ~concrete [50] 1 1  160.0 15.0
18 4 30 0.893 0.96 5.876 0.89 1.447 3.34 0.05 qd_soft ~concrete [50] 1 1  160.0 15.0
19 4 40 0.874 0.887 6.325 0.872 1.763 3.245 0.05 qd_soft ~concrete [50] 1 1  160.0 15.0
20 4 50 0.883 0.842 6.203 0.877 1.506 3.204 0.05 qd_soft ~concrete [50] 1 1  160.0 15.0
21 5 10 0.845 0.78 6.171 0.835 2.477 15.956 0.05 qd_soft ~concrete [50] 1 1  160.0 15.0
22 5 20 0.883 0.85 6.235 0.831 1.513 3.687 0.05 qd_soft ~concrete [50] 1 1  160.0 15.0
23 5 30 0.816 0.856 6.331 0.826 3.6 4.323 0.05 qd_soft ~concrete [50] 1 1  160.0 15.0
24 5 40 0.825 0.859 5.998 0.844 3.229 4.597 0.05 qd_soft ~concrete [50] 1 1  160.0 15.0
25 5 50 0.854 0.824 5.905 0.849 2.21 3.585 0.05 qd_soft ~concrete [50] 1 1  160.0 15.0
