EXP split_seed random_seed PICP_test MPIW_test RMSE R2 qd_loss NLL alpha loss data h_size bstraps ensemb soft lambda_in
1 1 10 0.939 3.2 0.008 0.01 3.269 -3.414 0.05 qd_soft ~naval [100] 1 1  160.0 15.0
2 1 20 failed 1times!
2 1 20 1.0 22.314 0.01 -0.66 22.314 -2.709 0.05 qd_soft ~naval [100] 1 1  160.0 15.0
3 1 30 failed 1times!
3 1 30 1.0 26.306 0.016 -3.434 26.306 -2.459 0.05 qd_soft ~naval [100] 1 1  160.0 15.0
4 1 40 0.939 3.217 0.008 0.009 3.289 -3.413 0.05 qd_soft ~naval [100] 1 1  160.0 15.0
5 1 50 failed 1times!
5 1 50 1.0 18.831 0.019 -5.214 18.831 -2.771 0.05 qd_soft ~naval [100] 1 1  160.0 15.0
6 2 10 0.944 3.211 0.007 0.009 3.239 -3.438 0.05 qd_soft ~naval [100] 1 1  160.0 15.0
7 2 20 0.957 3.221 0.007 0.006 3.224 -3.443 0.05 qd_soft ~naval [100] 1 1  160.0 15.0
8 2 30 0.939 3.207 0.007 0.013 3.288 -3.435 0.05 qd_soft ~naval [100] 1 1  160.0 15.0
9 2 40 0.943 3.206 0.007 0.002 3.235 -3.437 0.05 qd_soft ~naval [100] 1 1  160.0 15.0
10 2 50 0.959 3.218 0.007 0.017 3.222 -3.45 0.05 qd_soft ~naval [100] 1 1  160.0 15.0
11 3 10 0.953 3.222 0.008 0.01 3.222 -3.41 0.05 qd_soft ~naval [100] 1 1  160.0 15.0
12 3 20 0.962 3.232 0.008 0.004 3.235 -3.406 0.05 qd_soft ~naval [100] 1 1  160.0 15.0
13 3 30 0.946 3.201 0.008 0.014 3.217 -3.404 0.05 qd_soft ~naval [100] 1 1  160.0 15.0
14 3 40 0.934 3.213 0.008 -0.009 3.36 -3.386 0.05 qd_soft ~naval [100] 1 1  160.0 15.0
15 3 50 0.951 3.212 0.008 0.009 3.221 -3.399 0.05 qd_soft ~naval [100] 1 1  160.0 15.0
16 4 10 0.945 3.229 0.007 0.004 3.254 -3.436 0.05 qd_soft ~naval [100] 1 1  160.0 15.0
17 4 20 0.949 3.221 0.007 0.004 3.226 -3.439 0.05 qd_soft ~naval [100] 1 1  160.0 15.0
18 4 30 0.939 3.207 0.007 0.008 3.281 -3.436 0.05 qd_soft ~naval [100] 1 1  160.0 15.0
19 4 40 0.953 3.224 0.007 0.002 3.231 -3.435 0.05 qd_soft ~naval [100] 1 1  160.0 15.0
20 4 50 failed 1times!
20 4 50 0.983 14.762 0.04 -27.168 14.915 -2.695 0.05 qd_soft ~naval [100] 1 1  160.0 15.0
21 5 10 0.949 3.201 0.008 0.011 3.214 -3.418 0.05 qd_soft ~naval [100] 1 1  160.0 15.0
22 5 20 0.953 3.201 0.007 0.015 3.204 -3.428 0.05 qd_soft ~naval [100] 1 1  160.0 15.0
23 5 30 0.95 3.241 0.008 -0.005 3.245 -3.418 0.05 qd_soft ~naval [100] 1 1  160.0 15.0
24 5 40 0.956 3.222 0.008 0.011 3.246 -3.408 0.05 qd_soft ~naval [100] 1 1  160.0 15.0
25 5 50 0.959 3.219 0.008 0.008 3.221 -3.425 0.05 qd_soft ~naval [100] 1 1  160.0 15.0
