EXP split_seed random_seed PICP_test MPIW_test RMSE R2 qd_loss NLL alpha loss data h_size bstraps ensemb soft lambda_in
1 1 10 0.935 0.247 1.576 0.986 0.264 1.141 0.05 qd_soft ~yacht [50] 1 1  160.0 15.0
2 1 20 0.903 0.215 1.316 0.99 0.392 1.031 0.05 qd_soft ~yacht [50] 1 1  160.0 15.0
3 1 30 0.839 0.331 2.631 0.96 1.381 91.228 0.05 qd_soft ~yacht [50] 1 1  160.0 15.0
4 1 40 0.839 0.215 1.723 0.983 1.255 1.488 0.05 qd_soft ~yacht [50] 1 1  160.0 15.0
5 1 50 0.935 0.214 1.524 0.987 0.232 1.086 0.05 qd_soft ~yacht [50] 1 1  160.0 15.0
6 2 10 0.935 0.254 1.155 0.992 0.27 1.295 0.05 qd_soft ~yacht [50] 1 1  160.0 15.0
7 2 20 1.0 0.235 1.292 0.99 0.235 0.846 0.05 qd_soft ~yacht [50] 1 1  160.0 15.0
8 2 30 0.903 0.254 2.132 0.973 0.432 1.383 0.05 qd_soft ~yacht [50] 1 1  160.0 15.0
9 2 40 0.935 0.178 0.687 0.997 0.204 0.738 0.05 qd_soft ~yacht [50] 1 1  160.0 15.0
10 2 50 0.935 0.247 1.614 0.985 0.253 1.041 0.05 qd_soft ~yacht [50] 1 1  160.0 15.0
11 3 10 0.903 0.245 3.167 0.959 0.364 1.415 0.05 qd_soft ~yacht [50] 1 1  160.0 15.0
12 3 20 0.806 0.209 2.449 0.976 1.889 1.325 0.05 qd_soft ~yacht [50] 1 1  160.0 15.0
13 3 30 0.806 0.232 2.677 0.971 1.921 2.016 0.05 qd_soft ~yacht [50] 1 1  160.0 15.0
14 3 40 0.871 0.373 4.573 0.915 0.807 1.746 0.05 qd_soft ~yacht [50] 1 1  160.0 15.0
15 3 50 0.903 0.236 3.19 0.959 0.344 1.267 0.05 qd_soft ~yacht [50] 1 1  160.0 15.0
16 4 10 0.839 0.3 1.792 0.981 1.339 32.006 0.05 qd_soft ~yacht [50] 1 1  160.0 15.0
17 4 20 0.903 0.252 1.488 0.987 0.456 17.235 0.05 qd_soft ~yacht [50] 1 1  160.0 15.0
18 4 30 0.774 0.232 1.044 0.993 2.844 4.247 0.05 qd_soft ~yacht [50] 1 1  160.0 15.0
19 4 40 0.871 0.163 0.814 0.996 0.692 5.639 0.05 qd_soft ~yacht [50] 1 1  160.0 15.0
20 4 50 0.839 0.281 1.806 0.98 1.335 1.308 0.05 qd_soft ~yacht [50] 1 1  160.0 15.0
21 5 10 0.871 0.233 2.965 0.959 0.724 1.675 0.05 qd_soft ~yacht [50] 1 1  160.0 15.0
22 5 20 0.839 0.306 3.008 0.958 1.343 1.979 0.05 qd_soft ~yacht [50] 1 1  160.0 15.0
23 5 30 0.903 0.208 2.867 0.961 0.359 1.206 0.05 qd_soft ~yacht [50] 1 1  160.0 15.0
24 5 40 0.742 0.312 4.046 0.923 3.93 2.74 0.05 qd_soft ~yacht [50] 1 1  160.0 15.0
25 5 50 0.871 0.303 3.236 0.951 0.813 2.056 0.05 qd_soft ~yacht [50] 1 1  160.0 15.0
