2.042151242494583130e-02
1.629370748996734619e-01
3.407536447048187256e-02
3.851047456264495850e-01
7.300679385662078857e-02
3.455212712287902832e-01
7.524058222770690918e-02
1.790116168558597565e-02
1.516126990318298340e-01
1.477337181568145752e-01
1.101465336978435516e-02
8.864510804414749146e-03
3.105060756206512451e-01
2.015786059200763702e-02
7.190132141113281250e-02
1.423402503132820129e-02
8.598174899816513062e-02
6.176840048283338547e-03
6.445607636123895645e-03
9.402048774063587189e-03
4.774564877152442932e-02
1.536237169057130814e-02
6.446224451065063477e-02
1.371327936649322510e-01
4.656277224421501160e-02
3.806780651211738586e-02
2.653068676590919495e-02
5.711489543318748474e-02
1.320408284664154053e-01
5.698064714670181274e-02
1.345513164997100830e-01
2.156829461455345154e-02
4.047713056206703186e-02
1.746507547795772552e-02
1.846533454954624176e-02
5.639303475618362427e-03
8.326977491378784180e-03
8.595746010541915894e-03
5.352782830595970154e-02
2.128621004521846771e-02
1.370232552289962769e-02
3.193035349249839783e-02
4.833002574741840363e-03
2.297873049974441528e-02
1.366985216736793518e-02
1.076553016901016235e-01
2.250063866376876831e-01
1.477739959955215454e-02
4.921845197677612305e-01
1.366985216736793518e-02
1.395193301141262054e-02
1.192502528429031372e-01
2.409605495631694794e-02
2.297873049974441528e-02
1.194385141134262085e-01
2.375188022851943970e-01
1.536237169057130814e-02
2.251675352454185486e-02
1.719630509614944458e-02
2.871437557041645050e-02
4.246831312775611877e-02
1.755663156509399414e-01
1.395193301141262054e-02
1.252461373805999756e-01
1.182095613330602646e-02
1.423402503132820129e-02
5.862881615757942200e-02
5.639303475618362427e-03
1.698752194643020630e-01
3.281829878687858582e-02
1.846533454954624176e-02
1.536237169057130814e-02
3.896646946668624878e-02
5.336322188377380371e-01
1.531493384391069412e-02
1.451610866934061050e-02
1.115655004978179932e-01
1.257753968238830566e-01
3.870241716504096985e-02
6.445607636123895645e-03
1.291615962982177734e-01
5.425040125846862793e-01
3.598884120583534241e-02
7.190933078527450562e-02
5.908071063458919525e-03
3.756788372993469238e-02
2.130802720785140991e-02
5.947346091270446777e-01
5.278988927602767944e-02
6.425873935222625732e-02
1.479820068925619125e-02
2.241455577313899994e-02
2.523542940616607666e-02
2.252079546451568604e-02
6.330934911966323853e-02
4.694569110870361328e-02
8.058212697505950928e-03
2.128621004521846771e-02
3.171088173985481262e-02
1.987576857209205627e-02
6.700350344181060791e-02
1.834286749362945557e-01
1.733698882162570953e-02
2.156829461455345154e-02
1.487829089164733887e-01
1.486088037490844727e-01
1.800260879099369049e-02
6.181859597563743591e-02
1.508028712123632431e-02
1.824209541082382202e-01
6.343121826648712158e-02
3.972935304045677185e-02
4.564234521239995956e-03
7.251907140016555786e-03
1.338776387274265289e-02
7.789445109665393829e-03
3.560291528701782227e-01
7.593739032745361328e-02
6.967063248157501221e-02
5.335396155714988708e-02
1.077344864606857300e-01
2.015786059200763702e-02
8.129252493381500244e-02
4.810600355267524719e-02
1.719630509614944458e-02
1.733698882162570953e-02
2.043994329869747162e-02
2.042151242494583130e-02
2.947941608726978302e-02
7.251907140016555786e-03
5.225574970245361328e-01
2.438916824758052826e-02
4.277404770255088806e-02
9.473226219415664673e-02
5.261157825589179993e-02
1.254142820835113525e-01
1.649072766304016113e-02
1.012246608734130859e-01
2.273730747401714325e-02
5.370535887777805328e-03
1.661049425601959229e-01
1.592655107378959656e-02
8.058212697505950928e-03
1.026424840092658997e-01
3.637312725186347961e-02
1.902950927615165710e-02
5.379787683486938477e-01
1.112152040004730225e-01
4.295467864722013474e-03
2.762529626488685608e-02
4.134949445724487305e-01
4.166929051280021667e-02
1.232186779379844666e-01
1.395193301141262054e-02
1.874742098152637482e-02
6.078216433525085449e-02
2.862047962844371796e-02
2.354183942079544067e-01
4.142080619931221008e-02
4.870015382766723633e-02
1.589001268148422241e-01
1.310567185282707214e-02
1.479820068925619125e-02
2.328557148575782776e-02
4.529973492026329041e-02
4.167260974645614624e-02
3.547248616814613342e-02
1.636969596147537231e-01
1.151082590222358704e-01
5.601852014660835266e-02
1.620863936841487885e-02
1.738740801811218262e-01
7.251907140016555786e-03
1.508028712123632431e-02
2.558156661689281464e-02
6.930155307054519653e-02
4.304414689540863037e-01
5.226187035441398621e-02
9.125700592994689941e-02
6.983141880482435226e-03
2.156829461455345154e-02
1.991657614707946777e-01
4.945778101682662964e-02
9.656536579132080078e-02
2.128621004521846771e-02
4.295467864722013474e-03
3.858998790383338928e-02
1.251697540283203125e-01
6.176840048283338547e-03
2.552809566259384155e-02
8.595746010541915894e-03
1.597383767366409302e-01
4.188893735408782959e-02
1.429467201232910156e-01
1.806591302156448364e-01
2.107399702072143555e-01
2.805630676448345184e-02
7.520677987486124039e-03
1.705490052700042725e-02
2.636378258466720581e-02
2.809412479400634766e-01
2.382499724626541138e-02
5.370535887777805328e-03
4.833002574741840363e-03
5.023613572120666504e-01
1.902950927615165710e-02
6.123911589384078979e-02
1.225467398762702942e-01
2.185038290917873383e-02
2.981669642031192780e-02
3.197851404547691345e-02
1.536237169057130814e-02
1.733698882162570953e-02
3.168184310197830200e-02
2.390802055597305298e-01
2.747649252414703369e-01
1.208972278982400894e-02
1.677281223237514496e-02
2.072203345596790314e-02
1.827136985957622528e-02
5.751141533255577087e-02
1.187214031815528870e-01
2.354290708899497986e-02
4.946773052215576172e-01
1.384510695934295654e-01
5.652076378464698792e-02
2.436382919549942017e-01
2.358875870704650879e-01
2.687106654047966003e-02
1.790116168558597565e-02
1.197732705622911453e-02
2.128621004521846771e-02
2.229650914669036865e-01
2.589073032140731812e-02
1.451610866934061050e-02
9.965840727090835571e-02
5.101770162582397461e-03
1.423402503132820129e-02
1.773384399712085724e-02
7.520677987486124039e-03
8.140571415424346924e-02
3.627879172563552856e-02
2.128621004521846771e-02
3.520219027996063232e-02
4.154463484883308411e-02
4.140008091926574707e-01
6.620322167873382568e-02
1.254149992018938065e-02
1.907767727971076965e-02
7.135570049285888672e-02
6.523189693689346313e-02
1.395193301141262054e-02
1.318915039300918579e-01
2.495334297418594360e-02
9.107096493244171143e-02
9.133280254900455475e-03
1.235848851501941681e-02
7.323122769594192505e-02
5.908071063458919525e-03
2.495334297418594360e-02
3.889867663383483887e-01
2.835633978247642517e-02
1.329905390739440918e-01
8.595746010541915894e-03
7.789445109665393829e-03
1.282358542084693909e-02
8.203213661909103394e-02
2.241455577313899994e-02
6.666862219572067261e-02
2.305333316326141357e-02
6.340482831001281738e-01
2.100411988794803619e-02
1.479820068925619125e-02
1.253402382135391235e-01
6.445607636123895645e-03
2.702285349369049072e-02
2.644549012184143066e-01
7.804896682500839233e-02
1.649072766304016113e-02
1.310567185282707214e-02
3.749912977218627930e-01
5.669088661670684814e-02
2.902207151055335999e-02
8.426783233880996704e-02
3.701475262641906738e-02
8.326977491378784180e-03
1.564445719122886658e-02
7.193453609943389893e-02
2.539111301302909851e-02
1.441838592290878296e-01
3.098594024777412415e-02
1.451610866934061050e-02
3.910699859261512756e-02
2.043994329869747162e-02
6.127362325787544250e-02
9.402048774063587189e-03
1.592655107378959656e-02
1.423402503132820129e-02
2.495334297418594360e-02
1.846533454954624176e-02
4.006711840629577637e-01
6.141385063529014587e-02
6.445607636123895645e-03
4.288360476493835449e-02
1.338776387274265289e-02
2.203412167727947235e-02
2.027158588171005249e-01
7.735979557037353516e-02
1.902950927615165710e-02
1.818324625492095947e-02
2.203412167727947235e-02
4.965189471840858459e-02
4.683628305792808533e-02
6.772457808256149292e-02
1.197732705622911453e-02
6.450778990983963013e-02
1.692753843963146210e-02
5.104466527700424194e-02
6.047708541154861450e-02
5.173776298761367798e-02
6.964059174060821533e-02
4.282646998763084412e-02
4.650541394948959351e-02
3.651738464832305908e-01
4.907236620783805847e-02
4.168661683797836304e-02
1.423402503132820129e-02
8.326977491378784180e-03
5.908071063458919525e-03
2.115661837160587311e-02
1.827136985957622528e-02
1.818324625492095947e-02
2.529621496796607971e-02
3.569221124053001404e-02
6.261975318193435669e-02
2.443703636527061462e-02
1.217712089419364929e-01
2.128621004521846771e-02
1.564445719122886658e-02
1.423402503132820129e-02
1.479820068925619125e-02
6.145503744482994080e-02
1.709568351507186890e-01
1.253664195537567139e-01
5.370535887777805328e-03
7.872445136308670044e-02
2.770817875862121582e-01
6.656146049499511719e-02
5.908071063458919525e-03
1.880890876054763794e-02
8.058212697505950928e-03
2.128621004521846771e-02
3.489164402708411217e-03
1.422183066606521606e-01
2.619414031505584717e-02
4.394313693046569824e-02
3.022113628685474396e-02
1.133884862065315247e-01
1.620863936841487885e-02
2.393795549869537354e-02
7.789445109665393829e-03
1.790116168558597565e-02
3.757931757718324661e-03
8.116717636585235596e-02
2.957188524305820465e-02
6.996771693229675293e-02
2.736886143684387207e-01
6.665709614753723145e-02
1.536237169057130814e-02
9.179040044546127319e-02
6.176840048283338547e-03
2.072203345596790314e-02
2.043994329869747162e-02
4.410289227962493896e-02
8.311377465724945068e-02
2.014774829149246216e-02
9.492523223161697388e-02
6.816498935222625732e-02
2.410707622766494751e-02
2.080951817333698273e-02
2.389088645577430725e-02
2.951628994196653366e-03
1.612123660743236542e-02
3.080516122281551361e-02
3.499034345149993896e-01
3.412883728742599487e-02
6.640817970037460327e-02
5.334315448999404907e-02
1.113467589020729065e-01
3.087697923183441162e-02
4.652764201164245605e-01
4.833002574741840363e-03
1.479820068925619125e-02
2.411570586264133453e-02
5.100554823875427246e-01
1.780893206596374512e-01
1.325161010026931763e-01
9.124971926212310791e-02
2.128621004521846771e-02
1.439814567565917969e-01
2.866867557168006897e-02
2.749212644994258881e-02
6.549186259508132935e-02
1.099852398037910461e-01
2.424151897430419922e-01
8.805613964796066284e-02
1.331912279129028320e-01
7.659391313791275024e-02
1.056689023971557617e-02
3.519278764724731445e-01
8.641166985034942627e-02
3.130969032645225525e-02
1.931159384548664093e-02
8.040633797645568848e-02
2.297873049974441528e-02
2.883503027260303497e-02
8.397696912288665771e-02
3.677745163440704346e-01
8.427846431732177734e-02
1.519431769847869873e-01
4.353550821542739868e-02
1.370232552289962769e-02
6.714373361319303513e-03
1.677281223237514496e-02
5.002453550696372986e-02
1.262725424021482468e-02
2.641848661005496979e-02
3.238535672426223755e-02
6.983141880482435226e-03
4.245551675558090210e-02
3.268426060676574707e-01
1.423402503132820129e-02
1.316479127854108810e-02
1.677281223237514496e-02
3.345817700028419495e-02
2.488405816256999969e-02
7.469879835844039917e-02
2.326082065701484680e-02
1.395193301141262054e-02
4.253603219985961914e-01
5.591944232583045959e-02
9.923420846462249756e-02
1.056689023971557617e-02
8.748368918895721436e-02
5.639303475618362427e-03
1.874742098152637482e-02
9.617818146944046021e-02
9.402048774063587189e-03
6.968219578266143799e-02
1.558369677513837814e-02
1.113106589764356613e-02
2.242145836353302002e-01
5.224258899688720703e-01
3.576632142066955566e-01
4.592997133731842041e-01
5.372233390808105469e-01
1.423402503132820129e-02
5.867951735854148865e-02
4.532584249973297119e-01
3.464172780513763428e-01
3.520395755767822266e-01
5.898024141788482666e-02
1.353836357593536377e-01
6.176840048283338547e-03
9.939581155776977539e-03
1.931159384548664093e-02
4.861438274383544922e-01
4.272921010851860046e-02
2.917351573705673218e-02
4.833002574741840363e-03
1.007561981678009033e-01
4.584168195724487305e-01
1.169523783028125763e-02
5.364855006337165833e-02
3.361079096794128418e-01
1.804717034101486206e-01
9.316707402467727661e-02
5.958554521203041077e-02
1.479820068925619125e-02
3.913199529051780701e-02
1.182095613330602646e-02
2.655177377164363861e-02
2.107428461313247681e-01
1.254149992018938065e-02
7.251907140016555786e-03
1.508028712123632431e-02
1.020834874361753464e-02
1.876559806987643242e-03
7.905957847833633423e-02
9.248554706573486328e-02
8.678275346755981445e-02
1.451610866934061050e-02
5.903317779302597046e-02
7.567799836397171021e-02
2.612973935902118683e-02
5.939407646656036377e-02
1.271583437919616699e-01
1.338776387274265289e-02
1.592655107378959656e-02
1.827136985957622528e-02
4.711987078189849854e-02
9.177653491497039795e-02
6.192006915807723999e-02
2.412244826555252075e-01
4.026699811220169067e-03
1.026610657572746277e-01
4.607017338275909424e-02
7.599727064371109009e-02
2.706867083907127380e-02
1.366985216736793518e-02
1.133646965026855469e-01
1.959368214011192322e-02
1.056261137127876282e-01
2.435260266065597534e-02
5.562447383999824524e-02
2.433700114488601685e-02
1.204910129308700562e-01
1.370232552289962769e-02
5.908071063458919525e-03
5.973054841160774231e-02
1.880890876054763794e-02
9.939581155776977539e-03
4.833002574741840363e-03
1.289602369070053101e-02
8.326977491378784180e-03
1.289602369070053101e-02
1.451610866934061050e-02
2.100284248590469360e-01
6.232205033302307129e-01
7.236395776271820068e-02
2.391549013555049896e-02
5.291521549224853516e-01
7.520677987486124039e-03
2.438916824758052826e-02
3.923523426055908203e-02
1.262725424021482468e-02
2.384708449244499207e-02
2.552141845226287842e-01
2.692795358598232269e-02
3.736479207873344421e-02
2.128621004521846771e-02
3.755879998207092285e-01
2.551751956343650818e-02
2.671746909618377686e-01
2.043994329869747162e-02
7.264349609613418579e-02
7.937951385974884033e-02
8.760742843151092529e-02
2.099214643239974976e-01
5.101770162582397461e-03
2.758230268955230713e-02
1.635097116231918335e-01
3.410192728042602539e-01
6.922423839569091797e-02
1.762503534555435181e-01
2.410707622766494751e-02
2.240820378065109253e-01
5.975113809108734131e-02
1.315715163946151733e-01
3.224727883934974670e-02
8.595746010541915894e-03
3.323061391711235046e-02
3.587309718132019043e-01
4.564234521239995956e-03
3.255563378334045410e-01
7.275933027267456055e-02
1.649072766304016113e-02
6.445607636123895645e-03
5.101770162582397461e-03
1.451610866934061050e-02
6.445607636123895645e-03
6.239200010895729065e-02
8.595746010541915894e-03
2.839451655745506287e-02
7.675578445196151733e-02
4.131050035357475281e-02
1.423402503132820129e-02
1.343355607241392136e-02
6.074696034193038940e-02
2.185038290917873383e-02
4.122512415051460266e-02
5.385034903883934021e-02
2.326082065701484680e-02
1.662877947092056274e-01
9.133280254900455475e-03
2.425631508231163025e-02
4.165414348244667053e-02
1.531493384391069412e-02
1.193730458617210388e-01
1.395193301141262054e-02
3.303958103060722351e-02
1.014670357108116150e-01
1.024857163429260254e-01
1.235176175832748413e-01
1.229596734046936035e-01
3.893008455634117126e-02
6.519999355077743530e-02
5.295879766345024109e-02
1.169523783028125763e-02
6.930626183748245239e-02
4.298321157693862915e-02
1.230610013008117676e-01
6.714373361319303513e-03
1.282358542084693909e-02
1.423402503132820129e-02
4.833002574741840363e-03
5.639303475618362427e-03
1.228811219334602356e-01
2.052268944680690765e-02
1.515267491340637207e-01
5.908071063458919525e-03
1.819538027048110962e-01
2.213246747851371765e-02
5.315383523702621460e-02
1.536237169057130814e-02
1.184853687882423401e-01
1.705490052700042725e-02
4.833002574741840363e-03
1.218712106347084045e-01
5.257619917392730713e-02
1.854014210402965546e-02
2.438916824758052826e-02
1.258745491504669189e-01
8.216787874698638916e-02
1.944842040538787842e-01
2.252836152911186218e-02
1.540023386478424072e-01
4.019017145037651062e-02
5.155202746391296387e-02
1.310567185282707214e-02
4.992537200450897217e-02
3.311431780457496643e-02
1.423402503132820129e-02
8.640794456005096436e-02
1.665876805782318115e-02
3.916113078594207764e-02
1.692753843963146210e-02
1.607792219147086143e-03
5.249425768852233887e-01
7.530841976404190063e-02
1.140452772378921509e-01
7.899884879589080811e-02
5.370535887777805328e-03
1.096339672803878784e-01
3.897293657064437866e-02
2.425390668213367462e-02
2.254206128418445587e-02
1.479820068925619125e-02
2.156829461455345154e-02
5.357797443866729736e-02
2.918465808033943176e-02
7.640028744935989380e-02
6.078752130270004272e-02
7.789445109665393829e-03
2.176535315811634064e-02
4.566030204296112061e-02
3.640590608119964600e-01
6.176840048283338547e-03
7.644179463386535645e-02
8.128785341978073120e-02
1.423402503132820129e-02
2.100411988794803619e-02
1.338776387274265289e-02
2.185356058180332184e-02
2.737705223262310028e-02
6.445607636123895645e-03
7.044713199138641357e-02
8.806563168764114380e-02
1.590406149625778198e-01
2.879248000681400299e-02
9.002860635519027710e-02
7.068064063787460327e-02
7.348870486021041870e-02
1.283831596374511719e-01
2.282570488750934601e-02
6.231671571731567383e-02
4.481829702854156494e-02
6.448156386613845825e-02
1.478429734706878662e-01
2.922218441963195801e-01
1.846533454954624176e-02
8.864510804414749146e-03
1.709731072187423706e-01
1.649072766304016113e-02
1.172872632741928101e-01
1.165068596601486206e-01
