1
170
337
202
301
582
258
479
233
236
37
48
222
478
263
456
518
76
64
52
623
397
156
235
654
317
352
162
193
272
181
500
333
18
481
103
55
49
142
477
40
339
113
363
452
516
547
17
211
443
441
247
682
493
245
553
470
679
10
508
637
230
436
598
45
466
268
62
231
652
490
465
127
215
21
455
252
541
655
77
597
210
330
610
101
640
676
214
633
522
428
385
360
677
157
279
34
482
661
501
155
561
403
380
175
538
12
161
419
591
159
318
78
92
451
66
204
299
266
628
251
497
530
625
15
399
499
6
344
71
571
506
283
536
620
188
386
250
355
90
592
415
118
294
648
504
569
240
109
354
205
319
190
453
502
310
367
557
327
303
194
432
427
356
626
312
132
173
178
632
416
172
97
426
665
520
206
313
261
96
391
590
278
243
362
89
334
179
104
0
46
171
332
596
229
548
361
107
480
369
223
374
102
108
213
402
271
246
392
346
125
471
473
338
556
224
26
475
495
3
134
186
483
575
542
619
225
563
351
498
433
494
558
664
435
517
112
457
20
65
298
126
496
511
325
576
137
412
7
630
309
449
185
378
153
54
30
613
100
365
566
651
237
56
60
413
262
358
264
671
208
390
463
167
38
643
587
300
417
408
584
163
124
154
336
59
406
304
644
539
343
440
311
389
158
51
474
425
375
401
219
308
74
282
424
4
552
531
400
476
5
141
624
135
422
616
22
621
276
284
270
657
281
220
622
320
458
120
81
673
13
395
666
660
160
670
238
379
420
460
467
513
195
191
116
524
564
164
106
16
63
384
105
545
647
329
345
601
405
678
93
503
83
612
348
533
198
145
414
150
39
489
487
627
529
322
253
615
485
674
357
69
2
340
221
641
146
289
241
509
567
114
462
681
572
546
176
605
372
168
347
376
521
602
588
527
189
136
446
578
254
650
382
608
484
649
607
583
255
232
133
33
88
418
290
44
353
341
61
658
199
429
27
394
656
667
259
364
434
218
302
604
407
297
73
393
295
35
523
29
437
589
573
579
217
568
421
138
212
580
577
631
234
67
24
381
216
129
349
111
166
207
438
274
585
549
525
287
469
326
121
507
228
445
117
464
25
110
149
152
528
461
139
260
323
618
248
450
410
19
328
296
269
226
94
515
280
286
642
444
184
371
603
669
275
645
182
32
80
307
11
43
86
36
58
41
411
562
209
148
123
574
98
377
130
23
668
555
370
512
383
201
368
554
387
292
256
606
197
95
663
169
581
305
560
373
227
143
180
131
47
324
203
84
565
611
398
91
82
430
119
291
57
321
257
653
442
42
617
388
335
273
488
550
53
646
128
28
183
459
510
151
244
543
544
639
265
288
423
147
659
177
99
448
431
115
72
537
675
174
87
551
486
314
396
600
472
70
599
277
9
359
192
629
559
684
593
638
634
404
635
342
447
514
122
316
14
68
570
519
187
535
79
249
331
685
683
468
492
140
366
293
306
31
8
315
200
75
609
165
454
505
439
672
350
85
614
285
594
662
526
534
532
540
680
267
636
144
595
586
491
50
196
409
242
239
