EXP split_seed random_seed PICP_test MPIW_test RMSE R2 qd_loss NLL alpha loss data h_size bstraps ensemb soft lambda_in
1 1 10 0.877 1.584 0.152 0.664 2.325 -0.528 0.05 qd_soft ~kin8nm [50] 1 1  100.0 5.0
1 1 10 0.905 1.891 0.16 0.63 2.461 -0.457 0.05 qd_soft ~kin8nm [50] 1 1  100.0 10.0
1 1 10 0.915 1.976 0.162 0.621 2.507 -0.432 0.05 qd_soft ~kin8nm [50] 1 1  100.0 15.0
1 1 10 0.916 2.114 0.168 0.592 2.785 -0.388 0.05 qd_soft ~kin8nm [50] 1 1  100.0 20.0
1 1 10 0.924 2.062 0.162 0.621 2.524 -0.469 0.05 qd_soft ~kin8nm [50] 1 1  100.0 25.0
1 1 10 0.891 1.605 0.148 0.684 2.072 -0.545 0.05 qd_soft ~kin8nm [50] 1 1  110.0 5.0
1 1 10 0.9 1.825 0.155 0.65 2.529 -0.48 0.05 qd_soft ~kin8nm [50] 1 1  110.0 10.0
1 1 10 0.909 2.027 0.165 0.603 2.755 -0.424 0.05 qd_soft ~kin8nm [50] 1 1  110.0 15.0
1 1 10 0.912 2.042 0.165 0.603 2.854 -0.434 0.05 qd_soft ~kin8nm [50] 1 1  110.0 20.0
1 1 10 0.915 2.138 0.166 0.599 3.031 -0.403 0.05 qd_soft ~kin8nm [50] 1 1  110.0 25.0
1 1 10 0.872 1.754 0.167 0.594 2.615 -0.341 0.05 qd_soft ~kin8nm [50] 1 1  120.0 5.0
1 1 10 0.9 1.96 0.166 0.6 2.669 -0.365 0.05 qd_soft ~kin8nm [50] 1 1  120.0 10.0
1 1 10 0.91 2.104 0.171 0.574 2.795 -0.365 0.05 qd_soft ~kin8nm [50] 1 1  120.0 15.0
1 1 10 0.917 2.088 0.165 0.606 2.706 -0.415 0.05 qd_soft ~kin8nm [50] 1 1  120.0 20.0
1 1 10 0.921 2.158 0.166 0.601 2.775 -0.392 0.05 qd_soft ~kin8nm [50] 1 1  120.0 25.0
1 1 10 0.874 1.704 0.157 0.644 2.512 -0.428 0.05 qd_soft ~kin8nm [50] 1 1  130.0 5.0
1 1 10 0.904 1.958 0.166 0.598 2.564 -0.409 0.05 qd_soft ~kin8nm [50] 1 1  130.0 10.0
1 1 10 0.911 1.974 0.162 0.621 2.623 -0.431 0.05 qd_soft ~kin8nm [50] 1 1  130.0 15.0
1 1 10 0.916 2.15 0.168 0.589 2.82 -0.364 0.05 qd_soft ~kin8nm [50] 1 1  130.0 20.0
1 1 10 0.924 2.309 0.178 0.538 2.779 -0.313 0.05 qd_soft ~kin8nm [50] 1 1  130.0 25.0
1 1 10 0.883 1.681 0.158 0.638 2.308 -0.445 0.05 qd_soft ~kin8nm [50] 1 1  140.0 5.0
1 1 10 0.899 1.961 0.168 0.589 2.705 -0.378 0.05 qd_soft ~kin8nm [50] 1 1  140.0 10.0
1 1 10 0.901 2.079 0.167 0.595 3.11 -0.386 0.05 qd_soft ~kin8nm [50] 1 1  140.0 15.0
1 1 10 0.928 2.235 0.17 0.58 2.513 -0.377 0.05 qd_soft ~kin8nm [50] 1 1  140.0 20.0
1 1 10 0.924 2.233 0.168 0.591 2.705 -0.378 0.05 qd_soft ~kin8nm [50] 1 1  140.0 25.0
1 1 10 0.882 1.803 0.168 0.588 2.463 -0.318 0.05 qd_soft ~kin8nm [50] 1 1  150.0 5.0
1 1 10 0.898 1.961 0.163 0.614 2.752 -0.378 0.05 qd_soft ~kin8nm [50] 1 1  150.0 10.0
1 1 10 0.909 2.119 0.172 0.571 2.861 -0.342 0.05 qd_soft ~kin8nm [50] 1 1  150.0 15.0
1 1 10 0.917 2.257 0.174 0.561 2.886 -0.331 0.05 qd_soft ~kin8nm [50] 1 1  150.0 20.0
1 1 10 0.928 2.175 0.168 0.591 2.518 -0.408 0.05 qd_soft ~kin8nm [50] 1 1  150.0 25.0
1 1 10 0.876 1.727 0.16 0.627 2.506 -0.428 0.05 qd_soft ~kin8nm [50] 1 1  160.0 5.0
1 1 10 0.893 1.965 0.165 0.607 2.91 -0.418 0.05 qd_soft ~kin8nm [50] 1 1  160.0 10.0
1 1 10 0.905 2.172 0.17 0.579 3.054 -0.354 0.05 qd_soft ~kin8nm [50] 1 1  160.0 15.0
1 1 10 0.916 2.233 0.17 0.581 2.91 -0.347 0.05 qd_soft ~kin8nm [50] 1 1  160.0 20.0
1 1 10 0.916 2.294 0.177 0.544 3.144 -0.296 0.05 qd_soft ~kin8nm [50] 1 1  160.0 25.0
1 1 10 0.877 1.74 0.161 0.625 2.493 -0.423 0.05 qd_soft ~kin8nm [50] 1 1  170.0 5.0
1 1 10 0.894 2.088 0.173 0.567 2.996 -0.329 0.05 qd_soft ~kin8nm [50] 1 1  170.0 10.0
1 1 10 0.905 2.112 0.172 0.569 2.989 -0.335 0.05 qd_soft ~kin8nm [50] 1 1  170.0 15.0
1 1 10 0.912 2.266 0.176 0.552 3.089 -0.311 0.05 qd_soft ~kin8nm [50] 1 1  170.0 20.0
1 1 10 0.927 2.252 0.171 0.577 2.646 -0.363 0.05 qd_soft ~kin8nm [50] 1 1  170.0 25.0
1 1 10 0.877 1.798 0.166 0.599 2.547 -0.368 0.05 qd_soft ~kin8nm [50] 1 1  180.0 5.0
1 1 10 0.901 1.975 0.167 0.595 2.647 -0.391 0.05 qd_soft ~kin8nm [50] 1 1  180.0 10.0
1 1 10 0.915 2.175 0.172 0.572 2.718 -0.335 0.05 qd_soft ~kin8nm [50] 1 1  180.0 15.0
1 1 10 0.926 2.296 0.173 0.566 2.652 -0.331 0.05 qd_soft ~kin8nm [50] 1 1  180.0 20.0
1 1 10 0.926 2.35 0.178 0.54 2.785 -0.321 0.05 qd_soft ~kin8nm [50] 1 1  180.0 25.0
1 1 10 0.87 1.914 0.172 0.572 2.847 -0.239 0.05 qd_soft ~kin8nm [50] 1 1  190.0 5.0
1 1 10 0.895 2.026 0.171 0.575 2.895 -0.322 0.05 qd_soft ~kin8nm [50] 1 1  190.0 10.0
1 1 10 0.918 2.121 0.168 0.59 2.558 -0.366 0.05 qd_soft ~kin8nm [50] 1 1  190.0 15.0
1 1 10 0.916 2.218 0.169 0.585 2.901 -0.337 0.05 qd_soft ~kin8nm [50] 1 1  190.0 20.0
1 1 10 0.917 2.355 0.178 0.539 3.145 -0.288 0.05 qd_soft ~kin8nm [50] 1 1  190.0 25.0
1 1 10 0.873 1.699 0.16 0.627 2.526 -0.451 0.05 qd_soft ~kin8nm [50] 1 1  200.0 5.0
1 1 10 0.896 2.013 0.167 0.596 2.84 -0.392 0.05 qd_soft ~kin8nm [50] 1 1  200.0 10.0
1 1 10 0.901 2.15 0.172 0.572 3.184 -0.318 0.05 qd_soft ~kin8nm [50] 1 1  200.0 15.0
1 1 10 0.907 2.316 0.176 0.552 3.382 -0.285 0.05 qd_soft ~kin8nm [50] 1 1  200.0 20.0
1 1 10 0.924 2.421 0.182 0.518 2.909 -0.266 0.05 qd_soft ~kin8nm [50] 1 1  200.0 25.0
