EXP split_seed random_seed neurons soft lambda_in PICP_test MPIW_test RMSE R2 qd_loss NLL alpha loss data h_size bstraps ensemb
1 1 10 50 100.0 5.0 0.777 0.693 6.118 0.837 2.212 4.1 0.05 qd_soft ~concrete [50] 1 1
2 1 10 50 100.0 15.0 0.854 0.916 6.209 0.832 2.31 3.262 0.05 qd_soft ~concrete [50] 1 1
3 1 10 50 100.0 25.0 0.903 0.96 5.887 0.849 1.527 3.216 0.05 qd_soft ~concrete [50] 1 1
4 1 10 50 160.0 5.0 0.806 0.738 5.943 0.847 1.784 3.68 0.05 qd_soft ~concrete [50] 1 1
5 1 10 50 160.0 15.0 0.854 0.98 6.399 0.822 2.366 3.402 0.05 qd_soft ~concrete [50] 1 1
6 1 10 50 160.0 25.0 0.845 1.063 6.597 0.811 3.867 3.258 0.05 qd_soft ~concrete [50] 1 1
7 1 10 50 200.0 5.0 0.825 0.825 6.347 0.825 1.613 3.554 0.05 qd_soft ~concrete [50] 1 1
8 1 10 50 200.0 15.0 0.874 0.92 6.173 0.834 1.801 3.287 0.05 qd_soft ~concrete [50] 1 1
9 1 10 50 200.0 25.0 0.864 0.981 6.437 0.82 2.826 3.244 0.05 qd_soft ~concrete [50] 1 1
10 1 10 75 100.0 5.0 0.806 0.657 5.806 0.854 1.725 16.986 0.05 qd_soft ~concrete [75] 1 1
11 1 10 75 100.0 15.0 0.932 0.992 6.031 0.842 1.037 3.241 0.05 qd_soft ~concrete [75] 1 1
12 1 10 75 100.0 25.0 0.845 0.867 6.186 0.834 3.68 3.456 0.05 qd_soft ~concrete [75] 1 1
13 1 10 75 160.0 5.0 0.786 0.787 6.343 0.825 2.16 3.629 0.05 qd_soft ~concrete [75] 1 1
14 1 10 75 160.0 15.0 0.786 0.885 6.259 0.83 4.939 3.438 0.05 qd_soft ~concrete [75] 1 1
15 1 10 75 160.0 25.0 0.883 0.977 6.656 0.807 2.096 3.439 0.05 qd_soft ~concrete [75] 1 1
16 1 10 75 200.0 5.0 0.816 0.782 6.305 0.827 1.7 441.707 0.05 qd_soft ~concrete [75] 1 1
17 1 10 75 200.0 15.0 0.893 0.988 6.37 0.824 1.471 3.265 0.05 qd_soft ~concrete [75] 1 1
18 1 10 75 200.0 25.0 0.845 1.083 6.882 0.794 3.884 3.386 0.05 qd_soft ~concrete [75] 1 1
19 1 10 100 100.0 5.0 0.757 0.61 5.732 0.857 2.501 4668.657 0.05 qd_soft ~concrete [100] 1 1
20 1 10 100 100.0 15.0 0.835 0.79 5.669 0.86 2.796 3.413 0.05 qd_soft ~concrete [100] 1 1
21 1 10 100 100.0 25.0 0.893 0.975 5.765 0.856 1.79 3.166 0.05 qd_soft ~concrete [100] 1 1
22 1 10 100 160.0 5.0 0.796 0.741 5.883 0.85 1.933 3.562 0.05 qd_soft ~concrete [100] 1 1
23 1 10 100 160.0 15.0 0.922 0.932 5.625 0.863 1.047 3.098 0.05 qd_soft ~concrete [100] 1 1
24 1 10 100 160.0 25.0 0.854 0.913 6.411 0.821 3.217 3.309 0.05 qd_soft ~concrete [100] 1 1
25 1 10 100 200.0 5.0 0.825 0.727 5.657 0.861 1.52 3.555 0.05 qd_soft ~concrete [100] 1 1
26 1 10 100 200.0 15.0 0.854 0.93 6.355 0.824 2.302 3.299 0.05 qd_soft ~concrete [100] 1 1
27 1 10 100 200.0 25.0 0.883 1.061 6.309 0.827 2.177 3.225 0.05 qd_soft ~concrete [100] 1 1
28 1 20 50 100.0 5.0 0.806 0.676 5.984 0.844 1.749 4.413 0.05 qd_soft ~concrete [50] 1 1
29 1 20 50 100.0 15.0 0.825 0.894 6.308 0.827 3.256 3.435 0.05 qd_soft ~concrete [50] 1 1
30 1 20 50 100.0 25.0 0.913 0.983 6.519 0.815 1.325 3.311 0.05 qd_soft ~concrete [50] 1 1
31 1 20 50 160.0 5.0 0.825 0.762 5.897 0.849 1.553 3.594 0.05 qd_soft ~concrete [50] 1 1
32 1 20 50 160.0 15.0 0.893 0.945 5.925 0.847 1.439 3.338 0.05 qd_soft ~concrete [50] 1 1
33 1 20 50 160.0 25.0 0.893 0.97 6.244 0.831 1.784 3.343 0.05 qd_soft ~concrete [50] 1 1
34 1 20 50 200.0 5.0 0.825 0.894 6.569 0.812 1.68 3.475 0.05 qd_soft ~concrete [50] 1 1
35 1 20 50 200.0 15.0 0.854 0.983 6.333 0.826 2.362 3.241 0.05 qd_soft ~concrete [50] 1 1
36 1 20 50 200.0 25.0 0.922 1.052 6.578 0.812 1.234 3.242 0.05 qd_soft ~concrete [50] 1 1
37 1 20 75 100.0 5.0 0.806 0.714 5.785 0.855 1.771 3.761 0.05 qd_soft ~concrete [75] 1 1
38 1 20 75 100.0 15.0 0.883 0.963 5.908 0.848 1.622 3.232 0.05 qd_soft ~concrete [75] 1 1
39 1 20 75 100.0 25.0 0.864 0.89 5.948 0.846 2.758 3.612 0.05 qd_soft ~concrete [75] 1 1
40 1 20 75 160.0 5.0 0.874 0.773 5.666 0.86 1.073 3.561 0.05 qd_soft ~concrete [75] 1 1
41 1 20 75 160.0 15.0 0.874 0.891 6.062 0.84 1.767 3.294 0.05 qd_soft ~concrete [75] 1 1
42 1 20 75 160.0 25.0 0.883 1.013 6.28 0.829 2.112 3.201 0.05 qd_soft ~concrete [75] 1 1
43 1 20 75 200.0 5.0 0.825 0.717 5.734 0.857 1.508 3.856 0.05 qd_soft ~concrete [75] 1 1
44 1 20 75 200.0 15.0 0.835 0.885 6.202 0.833 2.889 3.519 0.05 qd_soft ~concrete [75] 1 1
45 1 20 75 200.0 25.0 0.932 1.065 6.246 0.83 1.139 3.25 0.05 qd_soft ~concrete [75] 1 1
46 1 20 100 100.0 5.0 0.767 0.643 6.072 0.84 2.333 4.602 0.05 qd_soft ~concrete [100] 1 1
47 1 20 100 100.0 15.0 0.874 0.888 6.301 0.827 1.761 3.427 0.05 qd_soft ~concrete [100] 1 1
48 1 20 100 100.0 25.0 0.874 0.901 5.834 0.852 2.357 3.26 0.05 qd_soft ~concrete [100] 1 1
49 1 20 100 160.0 5.0 0.806 0.691 6.208 0.833 1.735 4.399 0.05 qd_soft ~concrete [100] 1 1
50 1 20 100 160.0 15.0 0.874 0.929 5.956 0.846 1.812 3.516 0.05 qd_soft ~concrete [100] 1 1
51 1 20 100 160.0 25.0 0.874 1.004 6.558 0.813 2.471 3.36 0.05 qd_soft ~concrete [100] 1 1
52 1 20 100 200.0 5.0 0.816 0.776 5.79 0.854 1.702 3.724 0.05 qd_soft ~concrete [100] 1 1
53 1 20 100 200.0 15.0 0.874 0.937 6.085 0.839 1.811 3.232 0.05 qd_soft ~concrete [100] 1 1
54 1 20 100 200.0 25.0 0.913 1.069 6.254 0.83 1.424 3.146 0.05 qd_soft ~concrete [100] 1 1
55 1 30 50 100.0 5.0 0.816 0.673 5.43 0.872 1.595 3.421 0.05 qd_soft ~concrete [50] 1 1
56 1 30 50 100.0 15.0 0.835 0.845 6.27 0.829 2.848 3.625 0.05 qd_soft ~concrete [50] 1 1
57 1 30 50 100.0 25.0 0.874 0.979 6.177 0.834 2.439 3.313 0.05 qd_soft ~concrete [50] 1 1
58 1 30 50 160.0 5.0 0.777 0.757 6.059 0.84 2.252 3.506 0.05 qd_soft ~concrete [50] 1 1
59 1 30 50 160.0 15.0 0.854 0.897 6.313 0.827 2.275 3.427 0.05 qd_soft ~concrete [50] 1 1
60 1 30 50 160.0 25.0 0.903 1.008 6.351 0.825 1.56 3.266 0.05 qd_soft ~concrete [50] 1 1
61 1 30 50 200.0 5.0 0.825 0.763 5.955 0.846 1.541 3.54 0.05 qd_soft ~concrete [50] 1 1
62 1 30 50 200.0 15.0 0.864 0.94 6.413 0.821 2.047 3.302 0.05 qd_soft ~concrete [50] 1 1
63 1 30 50 200.0 25.0 0.942 1.048 6.103 0.838 1.061 3.206 0.05 qd_soft ~concrete [50] 1 1
64 1 30 75 100.0 5.0 0.796 0.684 6.119 0.837 1.892 5.876 0.05 qd_soft ~concrete [75] 1 1
65 1 30 75 100.0 15.0 0.825 0.821 5.966 0.845 3.173 3.438 0.05 qd_soft ~concrete [75] 1 1
66 1 30 75 100.0 25.0 0.806 0.863 6.066 0.84 6.13 3.508 0.05 qd_soft ~concrete [75] 1 1
67 1 30 75 160.0 5.0 0.767 0.701 5.411 0.873 2.429 5.02 0.05 qd_soft ~concrete [75] 1 1
68 1 30 75 160.0 15.0 0.913 0.998 6.25 0.83 1.208 3.299 0.05 qd_soft ~concrete [75] 1 1
69 1 30 75 160.0 25.0 0.883 0.984 6.384 0.823 2.082 3.244 0.05 qd_soft ~concrete [75] 1 1
70 1 30 75 200.0 5.0 0.738 0.688 5.756 0.856 2.966 4.107 0.05 qd_soft ~concrete [75] 1 1
71 1 30 75 200.0 15.0 0.883 1.004 6.115 0.838 1.663 3.188 0.05 qd_soft ~concrete [75] 1 1
72 1 30 75 200.0 25.0 0.913 1.053 6.352 0.825 1.393 3.234 0.05 qd_soft ~concrete [75] 1 1
73 1 30 100 100.0 5.0 0.767 0.636 5.963 0.845 2.328 4.255 0.05 qd_soft ~concrete [100] 1 1
74 1 30 100 100.0 15.0 0.845 0.81 6.043 0.841 2.504 3.591 0.05 qd_soft ~concrete [100] 1 1
75 1 30 100 100.0 25.0 0.913 0.926 5.813 0.853 1.29 3.289 0.05 qd_soft ~concrete [100] 1 1
76 1 30 100 160.0 5.0 0.786 0.686 5.502 0.868 2.062 4.25 0.05 qd_soft ~concrete [100] 1 1
77 1 30 100 160.0 15.0 0.903 1.02 6.377 0.823 1.36 3.389 0.05 qd_soft ~concrete [100] 1 1
78 1 30 100 160.0 25.0 0.893 0.951 6.29 0.828 1.761 3.216 0.05 qd_soft ~concrete [100] 1 1
79 1 30 100 200.0 5.0 0.757 0.718 6.341 0.825 2.565 3.846 0.05 qd_soft ~concrete [100] 1 1
80 1 30 100 200.0 15.0 0.864 0.926 6.167 0.835 2.031 3.24 0.05 qd_soft ~concrete [100] 1 1
81 1 30 100 200.0 25.0 0.913 1.028 6.168 0.835 1.375 3.203 0.05 qd_soft ~concrete [100] 1 1
82 2 10 50 100.0 5.0 0.767 0.669 4.975 0.888 2.37 3.51 0.05 qd_soft ~concrete [50] 1 1
83 2 10 50 100.0 15.0 0.854 0.756 4.705 0.9 2.159 3.044 0.05 qd_soft ~concrete [50] 1 1
84 2 10 50 100.0 25.0 0.903 0.878 5.397 0.868 1.444 3.274 0.05 qd_soft ~concrete [50] 1 1
85 2 10 50 160.0 5.0 0.777 0.717 5.426 0.867 2.269 3.716 0.05 qd_soft ~concrete [50] 1 1
86 2 10 50 160.0 15.0 0.845 0.776 5.068 0.884 2.484 3.275 0.05 qd_soft ~concrete [50] 1 1
87 2 10 50 160.0 25.0 0.864 0.904 5.251 0.875 2.779 3.038 0.05 qd_soft ~concrete [50] 1 1
88 2 10 50 200.0 5.0 0.845 0.71 5.369 0.869 1.281 5.303 0.05 qd_soft ~concrete [50] 1 1
89 2 10 50 200.0 15.0 0.864 0.884 5.571 0.859 2.018 3.242 0.05 qd_soft ~concrete [50] 1 1
90 2 10 50 200.0 25.0 0.942 1.022 5.618 0.857 1.042 3.061 0.05 qd_soft ~concrete [50] 1 1
91 2 10 75 100.0 5.0 0.874 0.631 4.247 0.918 0.93 2.942 0.05 qd_soft ~concrete [75] 1 1
92 2 10 75 100.0 15.0 0.825 0.767 5.209 0.877 3.137 3.191 0.05 qd_soft ~concrete [75] 1 1
93 2 10 75 100.0 25.0 0.942 0.951 4.903 0.891 0.979 2.965 0.05 qd_soft ~concrete [75] 1 1
94 2 10 75 160.0 5.0 0.748 0.665 4.714 0.899 2.76 3.376 0.05 qd_soft ~concrete [75] 1 1
95 2 10 75 160.0 15.0 0.864 0.831 5.342 0.871 1.944 3.177 0.05 qd_soft ~concrete [75] 1 1
96 2 10 75 160.0 25.0 0.913 0.878 5.19 0.878 1.239 3.087 0.05 qd_soft ~concrete [75] 1 1
97 2 10 75 200.0 5.0 0.825 0.658 4.708 0.9 1.457 3.199 0.05 qd_soft ~concrete [75] 1 1
98 2 10 75 200.0 15.0 0.922 0.805 4.883 0.892 0.927 2.947 0.05 qd_soft ~concrete [75] 1 1
99 2 10 75 200.0 25.0 0.922 0.987 5.304 0.873 1.184 3.081 0.05 qd_soft ~concrete [75] 1 1
100 2 10 100 100.0 5.0 0.816 0.609 4.283 0.917 1.54 3.048 0.05 qd_soft ~concrete [100] 1 1
101 2 10 100 100.0 15.0 0.932 0.805 4.829 0.894 0.848 2.901 0.05 qd_soft ~concrete [100] 1 1
102 2 10 100 100.0 25.0 0.913 0.955 5.322 0.872 1.321 3.113 0.05 qd_soft ~concrete [100] 1 1
103 2 10 100 160.0 5.0 0.757 0.626 4.938 0.89 2.534 6.246 0.05 qd_soft ~concrete [100] 1 1
104 2 10 100 160.0 15.0 0.922 0.838 4.898 0.891 0.964 2.981 0.05 qd_soft ~concrete [100] 1 1
105 2 10 100 160.0 25.0 0.874 0.868 5.35 0.87 2.354 3.174 0.05 qd_soft ~concrete [100] 1 1
106 2 10 100 200.0 5.0 0.699 14.27 140.125 -87.93 19.091 10.05 0.05 qd_soft ~concrete [100] 1 1
107 2 10 100 200.0 15.0 0.932 0.882 5.001 0.887 0.92 2.895 0.05 qd_soft ~concrete [100] 1 1
108 2 10 100 200.0 25.0 0.903 0.939 5.202 0.877 1.516 3.031 0.05 qd_soft ~concrete [100] 1 1
109 2 20 50 100.0 5.0 0.796 0.647 4.718 0.899 1.855 4.606 0.05 qd_soft ~concrete [50] 1 1
110 2 20 50 100.0 15.0 0.835 0.794 5.126 0.881 2.822 3.331 0.05 qd_soft ~concrete [50] 1 1
111 2 20 50 100.0 25.0 0.864 0.807 5.259 0.875 2.7 3.685 0.05 qd_soft ~concrete [50] 1 1
112 2 20 50 160.0 5.0 0.806 0.717 6.075 0.833 1.766 3.933 0.05 qd_soft ~concrete [50] 1 1
113 2 20 50 160.0 15.0 0.903 0.919 5.352 0.87 1.256 3.044 0.05 qd_soft ~concrete [50] 1 1
114 2 20 50 160.0 25.0 0.903 0.855 5.242 0.876 1.405 3.055 0.05 qd_soft ~concrete [50] 1 1
115 2 20 50 200.0 5.0 0.738 0.702 5.42 0.867 2.999 3.399 0.05 qd_soft ~concrete [50] 1 1
116 2 20 50 200.0 15.0 0.913 0.87 5.611 0.857 1.079 3.08 0.05 qd_soft ~concrete [50] 1 1
117 2 20 50 200.0 25.0 0.942 0.946 5.407 0.868 0.965 3.046 0.05 qd_soft ~concrete [50] 1 1
118 2 20 75 100.0 5.0 0.786 0.619 4.639 0.903 1.988 3.395 0.05 qd_soft ~concrete [75] 1 1
119 2 20 75 100.0 15.0 0.932 0.904 5.055 0.884 0.952 2.962 0.05 qd_soft ~concrete [75] 1 1
120 2 20 75 100.0 25.0 0.864 0.817 5.065 0.884 2.682 2.986 0.05 qd_soft ~concrete [75] 1 1
121 2 20 75 160.0 5.0 0.757 0.649 4.72 0.899 2.556 3.206 0.05 qd_soft ~concrete [75] 1 1
122 2 20 75 160.0 15.0 0.854 0.789 5.171 0.879 2.185 3.075 0.05 qd_soft ~concrete [75] 1 1
123 2 20 75 160.0 25.0 0.903 0.921 5.357 0.87 1.488 3.087 0.05 qd_soft ~concrete [75] 1 1
124 2 20 75 200.0 5.0 0.825 0.719 4.975 0.888 1.505 3.222 0.05 qd_soft ~concrete [75] 1 1
125 2 20 75 200.0 15.0 0.913 0.863 5.033 0.885 1.07 2.945 0.05 qd_soft ~concrete [75] 1 1
126 2 20 75 200.0 25.0 0.874 0.881 5.098 0.882 2.366 3.08 0.05 qd_soft ~concrete [75] 1 1
127 2 20 100 100.0 5.0 0.786 0.632 4.762 0.897 1.996 3.318 0.05 qd_soft ~concrete [100] 1 1
128 2 20 100 100.0 15.0 0.874 0.761 4.975 0.888 1.652 3.087 0.05 qd_soft ~concrete [100] 1 1
129 2 20 100 100.0 25.0 0.913 0.854 4.721 0.899 1.219 2.867 0.05 qd_soft ~concrete [100] 1 1
130 2 20 100 160.0 5.0 0.825 0.663 5.085 0.883 1.452 3.418 0.05 qd_soft ~concrete [100] 1 1
131 2 20 100 160.0 15.0 0.864 0.86 5.167 0.879 1.999 3.241 0.05 qd_soft ~concrete [100] 1 1
132 2 20 100 160.0 25.0 0.913 0.948 5.156 0.88 1.301 2.956 0.05 qd_soft ~concrete [100] 1 1
133 2 20 100 200.0 5.0 0.816 0.693 4.945 0.889 1.609 3.249 0.05 qd_soft ~concrete [100] 1 1
134 2 20 100 200.0 15.0 0.883 0.888 5.717 0.852 1.561 3.234 0.05 qd_soft ~concrete [100] 1 1
135 2 20 100 200.0 25.0 0.903 0.888 5.257 0.875 1.456 3.043 0.05 qd_soft ~concrete [100] 1 1
136 2 30 50 100.0 5.0 0.796 0.625 4.785 0.896 1.83 3.466 0.05 qd_soft ~concrete [50] 1 1
137 2 30 50 100.0 15.0 0.922 0.926 5.092 0.883 1.043 3.045 0.05 qd_soft ~concrete [50] 1 1
138 2 30 50 100.0 25.0 0.864 0.81 5.35 0.87 2.672 3.145 0.05 qd_soft ~concrete [50] 1 1
139 2 30 50 160.0 5.0 0.835 0.707 5.241 0.876 1.365 3.193 0.05 qd_soft ~concrete [50] 1 1
140 2 30 50 160.0 15.0 0.864 0.783 5.308 0.872 1.922 3.363 0.05 qd_soft ~concrete [50] 1 1
141 2 30 50 160.0 25.0 0.922 0.906 5.179 0.878 1.099 3.002 0.05 qd_soft ~concrete [50] 1 1
142 2 30 50 200.0 5.0 0.786 0.699 5.099 0.882 2.064 3.715 0.05 qd_soft ~concrete [50] 1 1
143 2 30 50 200.0 15.0 0.893 0.861 5.032 0.885 1.355 3.043 0.05 qd_soft ~concrete [50] 1 1
144 2 30 50 200.0 25.0 0.942 0.958 5.275 0.874 0.982 2.99 0.05 qd_soft ~concrete [50] 1 1
145 2 30 75 100.0 5.0 0.816 0.677 4.544 0.906 1.614 3.256 0.05 qd_soft ~concrete [75] 1 1
146 2 30 75 100.0 15.0 0.854 0.776 4.871 0.893 2.176 3.026 0.05 qd_soft ~concrete [75] 1 1
147 2 30 75 100.0 25.0 0.903 0.824 5.112 0.882 1.394 3.057 0.05 qd_soft ~concrete [75] 1 1
148 2 30 75 160.0 5.0 0.796 0.649 4.847 0.894 1.847 3.171 0.05 qd_soft ~concrete [75] 1 1
149 2 30 75 160.0 15.0 0.893 0.792 4.969 0.888 1.272 2.924 0.05 qd_soft ~concrete [75] 1 1
150 2 30 75 160.0 25.0 0.951 0.913 5.225 0.876 0.908 3.025 0.05 qd_soft ~concrete [75] 1 1
151 2 30 75 200.0 5.0 0.835 0.731 4.807 0.895 1.41 3.105 0.05 qd_soft ~concrete [75] 1 1
152 2 30 75 200.0 15.0 0.932 0.912 4.967 0.888 0.958 2.938 0.05 qd_soft ~concrete [75] 1 1
153 2 30 75 200.0 25.0 0.922 0.977 5.206 0.877 1.172 3.053 0.05 qd_soft ~concrete [75] 1 1
154 2 30 100 100.0 5.0 0.796 0.608 4.791 0.896 1.812 16.407 0.05 qd_soft ~concrete [100] 1 1
155 2 30 100 100.0 15.0 0.874 0.76 5.026 0.886 1.639 3.127 0.05 qd_soft ~concrete [100] 1 1
156 2 30 100 100.0 25.0 0.903 0.839 5.471 0.864 1.4 3.151 0.05 qd_soft ~concrete [100] 1 1
157 2 30 100 160.0 5.0 0.893 0.772 4.963 0.888 0.935 3.076 0.05 qd_soft ~concrete [100] 1 1
158 2 30 100 160.0 15.0 0.835 0.797 5.246 0.875 2.818 3.219 0.05 qd_soft ~concrete [100] 1 1
159 2 30 100 160.0 25.0 0.903 0.838 5.106 0.882 1.413 2.969 0.05 qd_soft ~concrete [100] 1 1
160 2 30 100 200.0 5.0 0.806 0.654 4.731 0.899 1.707 3.418 0.05 qd_soft ~concrete [100] 1 1
161 2 30 100 200.0 15.0 0.903 0.9 5.388 0.869 1.23 3.072 0.05 qd_soft ~concrete [100] 1 1
162 2 30 100 200.0 25.0 0.883 0.895 5.397 0.868 2.029 3.171 0.05 qd_soft ~concrete [100] 1 1
163 3 10 50 100.0 5.0 0.767 0.628 5.475 0.902 2.333 4.258 0.05 qd_soft ~concrete [50] 1 1
164 3 10 50 100.0 15.0 0.816 0.778 5.685 0.895 3.535 3.361 0.05 qd_soft ~concrete [50] 1 1
165 3 10 50 100.0 25.0 0.825 0.805 5.534 0.9 4.755 3.662 0.05 qd_soft ~concrete [50] 1 1
166 3 10 50 160.0 5.0 0.777 0.674 5.804 0.89 2.19 3.807 0.05 qd_soft ~concrete [50] 1 1
167 3 10 50 160.0 15.0 0.825 0.841 5.856 0.888 3.209 3.357 0.05 qd_soft ~concrete [50] 1 1
168 3 10 50 160.0 25.0 0.845 1.018 6.873 0.846 3.837 3.433 0.05 qd_soft ~concrete [50] 1 1
169 3 10 50 200.0 5.0 0.816 0.736 5.711 0.894 1.656 3.718 0.05 qd_soft ~concrete [50] 1 1
170 3 10 50 200.0 15.0 0.864 0.85 5.528 0.9 1.97 3.269 0.05 qd_soft ~concrete [50] 1 1
171 3 10 50 200.0 25.0 0.864 0.947 6.039 0.881 2.811 3.273 0.05 qd_soft ~concrete [50] 1 1
172 3 10 75 100.0 5.0 0.767 0.66 5.691 0.894 2.361 3.84 0.05 qd_soft ~concrete [75] 1 1
173 3 10 75 100.0 15.0 0.835 0.767 5.584 0.898 2.77 3.392 0.05 qd_soft ~concrete [75] 1 1
174 3 10 75 100.0 25.0 0.835 0.814 5.651 0.896 4.174 3.588 0.05 qd_soft ~concrete [75] 1 1
175 3 10 75 160.0 5.0 0.796 0.728 6.056 0.88 1.94 4.058 0.05 qd_soft ~concrete [75] 1 1
176 3 10 75 160.0 15.0 0.874 0.907 5.882 0.887 1.807 3.333 0.05 qd_soft ~concrete [75] 1 1
177 3 10 75 160.0 25.0 0.816 0.873 6.073 0.88 5.45 3.322 0.05 qd_soft ~concrete [75] 1 1
178 3 10 75 200.0 5.0 0.777 0.703 5.921 0.886 2.229 3.81 0.05 qd_soft ~concrete [75] 1 1
179 3 10 75 200.0 15.0 0.845 0.86 5.67 0.895 2.56 3.353 0.05 qd_soft ~concrete [75] 1 1
180 3 10 75 200.0 25.0 0.845 0.933 5.845 0.889 3.751 3.318 0.05 qd_soft ~concrete [75] 1 1
181 3 10 100 100.0 5.0 0.748 0.632 5.197 0.912 2.719 3.669 0.05 qd_soft ~concrete [100] 1 1
182 3 10 100 100.0 15.0 0.796 0.711 5.579 0.899 4.314 3.824 0.05 qd_soft ~concrete [100] 1 1
183 3 10 100 100.0 25.0 0.854 0.79 5.304 0.908 3.106 3.228 0.05 qd_soft ~concrete [100] 1 1
184 3 10 100 160.0 5.0 0.845 0.728 5.532 0.9 1.289 3.378 0.05 qd_soft ~concrete [100] 1 1
185 3 10 100 160.0 15.0 0.835 0.764 5.456 0.903 2.792 3.464 0.05 qd_soft ~concrete [100] 1 1
186 3 10 100 160.0 25.0 0.825 0.838 5.676 0.895 4.793 3.373 0.05 qd_soft ~concrete [100] 1 1
187 3 10 100 200.0 5.0 0.66 17.542 115.191 -42.238 24.018 6.8 0.05 qd_soft ~concrete [100] 1 1
188 3 10 100 200.0 15.0 0.835 0.873 5.964 0.884 2.89 3.407 0.05 qd_soft ~concrete [100] 1 1
189 3 10 100 200.0 25.0 0.845 0.851 5.677 0.895 3.676 3.317 0.05 qd_soft ~concrete [100] 1 1
190 3 20 50 100.0 5.0 0.767 0.651 5.522 0.901 2.347 3.991 0.05 qd_soft ~concrete [50] 1 1
191 3 20 50 100.0 15.0 0.835 0.813 5.871 0.888 2.832 3.343 0.05 qd_soft ~concrete [50] 1 1
192 3 20 50 100.0 25.0 0.845 0.854 6.042 0.881 3.664 3.458 0.05 qd_soft ~concrete [50] 1 1
193 3 20 50 160.0 5.0 0.777 0.699 5.897 0.887 2.225 3.718 0.05 qd_soft ~concrete [50] 1 1
194 3 20 50 160.0 15.0 0.806 0.795 5.909 0.886 3.958 3.411 0.05 qd_soft ~concrete [50] 1 1
195 3 20 50 160.0 25.0 0.825 0.848 6.097 0.879 4.79 3.382 0.05 qd_soft ~concrete [50] 1 1
196 3 20 50 200.0 5.0 0.796 0.678 5.779 0.891 1.872 4.007 0.05 qd_soft ~concrete [50] 1 1
197 3 20 50 200.0 15.0 0.845 0.836 5.62 0.897 2.524 3.216 0.05 qd_soft ~concrete [50] 1 1
198 3 20 50 200.0 25.0 0.883 0.907 5.687 0.895 2.035 3.32 0.05 qd_soft ~concrete [50] 1 1
199 3 20 75 100.0 5.0 0.835 0.664 5.432 0.904 1.323 3.709 0.05 qd_soft ~concrete [75] 1 1
200 3 20 75 100.0 15.0 0.864 0.796 5.71 0.894 1.922 3.387 0.05 qd_soft ~concrete [75] 1 1
201 3 20 75 100.0 25.0 0.864 0.791 5.542 0.9 2.663 3.274 0.05 qd_soft ~concrete [75] 1 1
202 3 20 75 160.0 5.0 0.806 0.666 5.599 0.898 1.729 4.448 0.05 qd_soft ~concrete [75] 1 1
203 3 20 75 160.0 15.0 0.835 0.76 5.385 0.906 2.774 3.391 0.05 qd_soft ~concrete [75] 1 1
204 3 20 75 160.0 25.0 0.854 0.824 5.645 0.896 3.144 3.24 0.05 qd_soft ~concrete [75] 1 1
205 3 20 75 200.0 5.0 0.777 0.678 5.787 0.891 2.193 3.601 0.05 qd_soft ~concrete [75] 1 1
206 3 20 75 200.0 15.0 0.845 0.839 5.57 0.899 2.516 3.226 0.05 qd_soft ~concrete [75] 1 1
207 3 20 75 200.0 25.0 0.854 0.916 5.827 0.889 3.238 3.311 0.05 qd_soft ~concrete [75] 1 1
208 3 20 100 100.0 5.0 0.767 0.678 5.559 0.899 2.383 3.745 0.05 qd_soft ~concrete [100] 1 1
209 3 20 100 100.0 15.0 0.816 0.759 5.603 0.898 3.509 3.347 0.05 qd_soft ~concrete [100] 1 1
210 3 20 100 100.0 25.0 0.796 0.743 5.782 0.891 6.754 3.84 0.05 qd_soft ~concrete [100] 1 1
211 3 20 100 160.0 5.0 0.767 0.68 5.471 0.902 2.392 3.902 0.05 qd_soft ~concrete [100] 1 1
212 3 20 100 160.0 15.0 0.777 0.733 5.861 0.888 5.296 3.632 0.05 qd_soft ~concrete [100] 1 1
213 3 20 100 160.0 25.0 0.874 0.851 5.713 0.894 2.329 3.301 0.05 qd_soft ~concrete [100] 1 1
214 3 20 100 200.0 5.0 0.835 0.646 5.511 0.901 1.334 4.846 0.05 qd_soft ~concrete [100] 1 1
215 3 20 100 200.0 15.0 0.825 0.823 6.092 0.879 3.204 3.598 0.05 qd_soft ~concrete [100] 1 1
216 3 20 100 200.0 25.0 0.874 0.896 5.857 0.888 2.368 3.346 0.05 qd_soft ~concrete [100] 1 1
217 3 30 50 100.0 5.0 0.767 0.61 5.968 0.884 2.302 4.551 0.05 qd_soft ~concrete [50] 1 1
218 3 30 50 100.0 15.0 0.893 0.809 5.444 0.903 1.298 3.246 0.05 qd_soft ~concrete [50] 1 1
219 3 30 50 100.0 25.0 0.883 0.786 5.434 0.904 1.895 3.238 0.05 qd_soft ~concrete [50] 1 1
220 3 30 50 160.0 5.0 0.767 0.676 5.971 0.884 2.381 4.152 0.05 qd_soft ~concrete [50] 1 1
221 3 30 50 160.0 15.0 0.806 0.797 5.745 0.892 3.98 3.557 0.05 qd_soft ~concrete [50] 1 1
222 3 30 50 160.0 25.0 0.854 0.919 6.416 0.866 3.243 3.539 0.05 qd_soft ~concrete [50] 1 1
223 3 30 50 200.0 5.0 0.845 0.686 5.224 0.911 1.241 3.353 0.05 qd_soft ~concrete [50] 1 1
224 3 30 50 200.0 15.0 0.864 0.824 5.694 0.894 1.951 3.519 0.05 qd_soft ~concrete [50] 1 1
225 3 30 50 200.0 25.0 0.893 1.036 6.438 0.865 1.866 3.483 0.05 qd_soft ~concrete [50] 1 1
226 3 30 75 100.0 5.0 0.767 0.604 5.882 0.887 2.324 7.327 0.05 qd_soft ~concrete [75] 1 1
227 3 30 75 100.0 15.0 0.854 0.801 5.608 0.898 2.202 3.426 0.05 qd_soft ~concrete [75] 1 1
228 3 30 75 100.0 25.0 0.864 0.867 5.694 0.894 2.745 3.227 0.05 qd_soft ~concrete [75] 1 1
229 3 30 75 160.0 5.0 0.738 0.697 6.144 0.877 2.984 4.06 0.05 qd_soft ~concrete [75] 1 1
230 3 30 75 160.0 15.0 0.864 0.776 5.232 0.911 1.894 3.163 0.05 qd_soft ~concrete [75] 1 1
231 3 30 75 160.0 25.0 0.854 0.936 6.247 0.873 3.269 3.473 0.05 qd_soft ~concrete [75] 1 1
232 3 30 75 200.0 5.0 0.767 0.761 6.06 0.88 2.473 3.887 0.05 qd_soft ~concrete [75] 1 1
233 3 30 75 200.0 15.0 0.854 0.8 5.623 0.897 2.204 3.401 0.05 qd_soft ~concrete [75] 1 1
234 3 30 75 200.0 25.0 0.845 0.909 6.106 0.878 3.717 3.334 0.05 qd_soft ~concrete [75] 1 1
235 3 30 100 100.0 5.0 0.786 0.679 5.41 0.905 2.041 3.633 0.05 qd_soft ~concrete [100] 1 1
236 3 30 100 100.0 15.0 0.845 0.694 5.404 0.905 2.379 3.581 0.05 qd_soft ~concrete [100] 1 1
237 3 30 100 100.0 25.0 0.825 0.805 5.727 0.893 4.753 3.3 0.05 qd_soft ~concrete [100] 1 1
238 3 30 100 160.0 5.0 0.738 0.615 5.854 0.888 2.897 4.342 0.05 qd_soft ~concrete [100] 1 1
239 3 30 100 160.0 15.0 0.816 0.782 5.977 0.884 3.532 3.792 0.05 qd_soft ~concrete [100] 1 1
240 3 30 100 160.0 25.0 0.854 0.86 5.744 0.892 3.178 3.255 0.05 qd_soft ~concrete [100] 1 1
241 3 30 100 200.0 5.0 0.738 0.694 5.832 0.889 2.976 3.828 0.05 qd_soft ~concrete [100] 1 1
242 3 30 100 200.0 15.0 0.806 0.786 5.727 0.893 3.964 3.558 0.05 qd_soft ~concrete [100] 1 1
243 3 30 100 200.0 25.0 0.903 1.026 5.878 0.887 1.584 3.165 0.05 qd_soft ~concrete [100] 1 1
