EXP split_seed random_seed neurons soft lambda_in PICP_test MPIW_test RMSE R2 qd_loss NLL alpha loss data h_size bstraps ensemb
1 1 10 50 100.0 5.0 0.831 0.686 4.05 0.833 1.251 2.836 0.05 qd_soft ~energy [50] 1 1
2 1 10 50 100.0 15.0 0.844 0.797 3.628 0.866 2.186 2.235 0.05 qd_soft ~energy [50] 1 1
3 1 10 50 100.0 25.0 0.857 0.871 3.783 0.854 2.687 2.351 0.05 qd_soft ~energy [50] 1 1
4 1 10 50 160.0 5.0 0.779 0.672 4.166 0.823 1.9 3.123 0.05 qd_soft ~energy [50] 1 1
5 1 10 50 160.0 15.0 0.87 0.845 3.772 0.855 1.601 2.377 0.05 qd_soft ~energy [50] 1 1
6 1 10 50 160.0 25.0 0.831 0.868 3.986 0.838 3.89 2.556 0.05 qd_soft ~energy [50] 1 1
7 1 10 50 200.0 5.0 0.779 0.692 4.262 0.815 1.925 3.128 0.05 qd_soft ~energy [50] 1 1
8 1 10 50 200.0 15.0 0.857 0.834 3.763 0.856 1.882 2.366 0.05 qd_soft ~energy [50] 1 1
9 1 10 50 200.0 25.0 0.844 0.906 3.891 0.846 3.326 2.483 0.05 qd_soft ~energy [50] 1 1
10 1 10 75 100.0 5.0 0.844 0.657 4.15 0.825 1.081 2.929 0.05 qd_soft ~energy [75] 1 1
11 1 10 75 100.0 15.0 0.909 0.766 3.547 0.872 0.952 2.128 0.05 qd_soft ~energy [75] 1 1
12 1 10 75 100.0 25.0 0.831 0.863 4.003 0.837 3.871 2.514 0.05 qd_soft ~energy [75] 1 1
13 1 10 75 160.0 5.0 0.792 0.677 4.179 0.822 1.716 2.999 0.05 qd_soft ~energy [75] 1 1
14 1 10 75 160.0 15.0 0.818 0.796 4.186 0.822 3.044 2.864 0.05 qd_soft ~energy [75] 1 1
15 1 10 75 160.0 25.0 0.883 0.821 3.787 0.854 1.704 2.347 0.05 qd_soft ~energy [75] 1 1
16 1 10 75 200.0 5.0 0.779 0.7 4.241 0.817 1.931 3.089 0.05 qd_soft ~energy [75] 1 1
17 1 10 75 200.0 15.0 0.805 0.776 3.882 0.847 3.449 2.499 0.05 qd_soft ~energy [75] 1 1
18 1 10 75 200.0 25.0 0.844 0.941 3.925 0.843 3.329 2.493 0.05 qd_soft ~energy [75] 1 1
19 1 10 100 100.0 5.0 0.805 0.646 4.226 0.818 1.5 3.077 0.05 qd_soft ~energy [100] 1 1
20 1 10 100 100.0 15.0 0.857 0.724 4.101 0.829 1.794 2.661 0.05 qd_soft ~energy [100] 1 1
21 1 10 100 100.0 25.0 0.844 0.789 3.831 0.851 3.148 2.345 0.05 qd_soft ~energy [100] 1 1
22 1 10 100 160.0 5.0 0.805 0.671 4.231 0.818 1.523 3.016 0.05 qd_soft ~energy [100] 1 1
23 1 10 100 160.0 15.0 0.844 0.836 4.014 0.836 2.235 2.536 0.05 qd_soft ~energy [100] 1 1
24 1 10 100 160.0 25.0 0.844 0.84 3.826 0.851 3.206 2.415 0.05 qd_soft ~energy [100] 1 1
25 1 10 100 200.0 5.0 0.818 0.714 3.97 0.839 1.407 2.825 0.05 qd_soft ~energy [100] 1 1
26 1 10 100 200.0 15.0 0.844 0.791 3.76 0.856 2.195 2.328 0.05 qd_soft ~energy [100] 1 1
27 1 10 100 200.0 25.0 0.818 0.89 3.787 0.854 4.613 2.383 0.05 qd_soft ~energy [100] 1 1
28 1 20 50 100.0 5.0 0.805 0.703 4.165 0.823 1.56 2.905 0.05 qd_soft ~energy [50] 1 1
29 1 20 50 100.0 15.0 0.87 0.787 4.284 0.813 1.576 2.92 0.05 qd_soft ~energy [50] 1 1
30 1 20 50 100.0 25.0 0.883 0.862 3.65 0.864 1.765 2.257 0.05 qd_soft ~energy [50] 1 1
31 1 20 50 160.0 5.0 0.792 0.701 4.224 0.818 1.733 3.028 0.05 qd_soft ~energy [50] 1 1
32 1 20 50 160.0 15.0 0.831 0.797 3.968 0.84 2.593 2.618 0.05 qd_soft ~energy [50] 1 1
33 1 20 50 160.0 25.0 0.844 0.884 4.003 0.837 3.309 2.74 0.05 qd_soft ~energy [50] 1 1
34 1 20 50 200.0 5.0 0.844 0.752 3.784 0.854 1.166 2.392 0.05 qd_soft ~energy [50] 1 1
35 1 20 50 200.0 15.0 0.909 0.838 4.197 0.821 1.007 2.727 0.05 qd_soft ~energy [50] 1 1
36 1 20 50 200.0 25.0 0.87 0.952 4.318 0.81 2.313 2.661 0.05 qd_soft ~energy [50] 1 1
37 1 20 75 100.0 5.0 0.792 0.666 4.162 0.824 1.695 2.979 0.05 qd_soft ~energy [75] 1 1
38 1 20 75 100.0 15.0 0.857 0.767 4.114 0.828 1.844 2.745 0.05 qd_soft ~energy [75] 1 1
39 1 20 75 100.0 25.0 0.844 0.842 3.76 0.856 3.214 2.407 0.05 qd_soft ~energy [75] 1 1
40 1 20 75 160.0 5.0 0.792 0.669 4.24 0.817 1.706 3.15 0.05 qd_soft ~energy [75] 1 1
41 1 20 75 160.0 15.0 0.844 0.786 4.22 0.819 2.219 2.91 0.05 qd_soft ~energy [75] 1 1
42 1 20 75 160.0 25.0 0.87 0.847 4.066 0.832 2.205 2.709 0.05 qd_soft ~energy [75] 1 1
43 1 20 75 200.0 5.0 0.805 0.7 4.195 0.821 1.563 3.073 0.05 qd_soft ~energy [75] 1 1
44 1 20 75 200.0 15.0 0.805 0.847 3.869 0.848 3.53 2.467 0.05 qd_soft ~energy [75] 1 1
45 1 20 75 200.0 25.0 0.87 0.922 4.035 0.834 2.273 2.506 0.05 qd_soft ~energy [75] 1 1
46 1 20 100 100.0 5.0 0.844 0.643 4.13 0.826 1.081 2.815 0.05 qd_soft ~energy [100] 1 1
47 1 20 100 100.0 15.0 0.844 0.734 4.201 0.82 2.153 2.996 0.05 qd_soft ~energy [100] 1 1
48 1 20 100 100.0 25.0 0.857 0.848 3.868 0.848 2.673 2.35 0.05 qd_soft ~energy [100] 1 1
49 1 20 100 160.0 5.0 0.805 0.645 4.148 0.825 1.502 3.014 0.05 qd_soft ~energy [100] 1 1
50 1 20 100 160.0 15.0 0.831 0.792 3.856 0.849 2.565 2.448 0.05 qd_soft ~energy [100] 1 1
51 1 20 100 160.0 25.0 0.844 0.84 3.728 0.859 3.209 2.326 0.05 qd_soft ~energy [100] 1 1
52 1 20 100 200.0 5.0 0.792 0.651 4.178 0.822 1.69 2.997 0.05 qd_soft ~energy [100] 1 1
53 1 20 100 200.0 15.0 0.831 0.779 3.786 0.854 2.553 2.438 0.05 qd_soft ~energy [100] 1 1
54 1 20 100 200.0 25.0 0.883 0.811 4.167 0.823 1.734 2.632 0.05 qd_soft ~energy [100] 1 1
55 1 30 50 100.0 5.0 0.818 0.704 4.3 0.812 1.414 3.175 0.05 qd_soft ~energy [50] 1 1
56 1 30 50 100.0 15.0 0.87 0.795 3.693 0.861 1.545 2.275 0.05 qd_soft ~energy [50] 1 1
57 1 30 50 100.0 25.0 0.909 0.877 3.845 0.849 1.192 2.379 0.05 qd_soft ~energy [50] 1 1
58 1 30 50 160.0 5.0 0.831 0.673 4.146 0.825 1.249 3.003 0.05 qd_soft ~energy [50] 1 1
59 1 30 50 160.0 15.0 0.818 0.85 3.941 0.842 3.067 2.55 0.05 qd_soft ~energy [50] 1 1
60 1 30 50 160.0 25.0 0.857 0.899 3.828 0.851 2.698 2.423 0.05 qd_soft ~energy [50] 1 1
61 1 30 50 200.0 5.0 0.805 0.711 4.324 0.81 1.596 3.157 0.05 qd_soft ~energy [50] 1 1
62 1 30 50 200.0 15.0 0.844 0.789 4.211 0.819 2.209 2.93 0.05 qd_soft ~energy [50] 1 1
63 1 30 50 200.0 25.0 0.87 0.93 3.998 0.837 2.265 2.558 0.05 qd_soft ~energy [50] 1 1
64 1 30 75 100.0 5.0 0.87 0.669 4.198 0.821 0.897 2.859 0.05 qd_soft ~energy [75] 1 1
65 1 30 75 100.0 15.0 0.857 0.79 3.685 0.862 1.829 2.233 0.05 qd_soft ~energy [75] 1 1
66 1 30 75 100.0 25.0 0.857 0.85 3.761 0.856 2.649 2.356 0.05 qd_soft ~energy [75] 1 1
67 1 30 75 160.0 5.0 0.805 0.664 3.935 0.842 1.49 2.62 0.05 qd_soft ~energy [75] 1 1
68 1 30 75 160.0 15.0 0.831 0.749 4.085 0.83 2.553 2.744 0.05 qd_soft ~energy [75] 1 1
69 1 30 75 160.0 25.0 0.857 0.841 3.803 0.853 2.651 2.44 0.05 qd_soft ~energy [75] 1 1
70 1 30 75 200.0 5.0 0.792 0.707 4.019 0.836 1.752 2.826 0.05 qd_soft ~energy [75] 1 1
71 1 30 75 200.0 15.0 0.831 0.886 4.112 0.828 2.663 2.558 0.05 qd_soft ~energy [75] 1 1
72 1 30 75 200.0 25.0 0.857 0.931 4.119 0.827 2.757 2.483 0.05 qd_soft ~energy [75] 1 1
73 1 30 100 100.0 5.0 0.844 0.67 4.179 0.822 1.122 2.971 0.05 qd_soft ~energy [100] 1 1
74 1 30 100 100.0 15.0 0.87 0.796 3.723 0.859 1.538 2.307 0.05 qd_soft ~energy [100] 1 1
75 1 30 100 100.0 25.0 0.844 0.824 3.862 0.848 3.211 2.416 0.05 qd_soft ~energy [100] 1 1
76 1 30 100 160.0 5.0 0.792 0.69 3.946 0.841 1.699 2.576 0.05 qd_soft ~energy [100] 1 1
77 1 30 100 160.0 15.0 0.844 0.831 3.772 0.855 2.186 2.337 0.05 qd_soft ~energy [100] 1 1
78 1 30 100 160.0 25.0 0.87 0.865 4.097 0.829 2.188 2.566 0.05 qd_soft ~energy [100] 1 1
79 1 30 100 200.0 5.0 0.779 0.666 4.258 0.815 1.896 3.127 0.05 qd_soft ~energy [100] 1 1
80 1 30 100 200.0 15.0 0.831 0.813 4.08 0.83 2.591 2.64 0.05 qd_soft ~energy [100] 1 1
81 1 30 100 200.0 25.0 0.857 0.858 3.879 0.847 2.667 8.621 0.05 qd_soft ~energy [100] 1 1
82 2 10 50 100.0 5.0 0.896 0.694 3.447 0.858 0.781 2.477 0.05 qd_soft ~energy [50] 1 1
83 2 10 50 100.0 15.0 0.909 0.778 3.231 0.875 0.946 2.19 0.05 qd_soft ~energy [50] 1 1
84 2 10 50 100.0 25.0 0.896 0.806 3.356 0.865 1.394 2.251 0.05 qd_soft ~energy [50] 1 1
85 2 10 50 160.0 5.0 0.87 0.678 3.561 0.848 0.923 2.578 0.05 qd_soft ~energy [50] 1 1
86 2 10 50 160.0 15.0 0.87 0.8 3.277 0.871 1.608 2.137 0.05 qd_soft ~energy [50] 1 1
87 2 10 50 160.0 25.0 0.909 0.879 3.376 0.864 1.201 2.226 0.05 qd_soft ~energy [50] 1 1
88 2 10 50 200.0 5.0 0.844 0.67 3.511 0.852 1.146 2.719 0.05 qd_soft ~energy [50] 1 1
89 2 10 50 200.0 15.0 0.909 0.797 3.482 0.855 0.976 2.49 0.05 qd_soft ~energy [50] 1 1
90 2 10 50 200.0 25.0 0.935 0.966 3.598 0.845 0.975 2.403 0.05 qd_soft ~energy [50] 1 1
91 2 10 75 100.0 5.0 0.883 0.646 3.489 0.854 0.808 2.471 0.05 qd_soft ~energy [75] 1 1
92 2 10 75 100.0 15.0 0.896 0.778 3.403 0.861 1.104 2.302 0.05 qd_soft ~energy [75] 1 1
93 2 10 75 100.0 25.0 0.896 0.845 3.375 0.864 1.444 2.25 0.05 qd_soft ~energy [75] 1 1
94 2 10 75 160.0 5.0 0.896 0.673 3.304 0.869 0.749 2.226 0.05 qd_soft ~energy [75] 1 1
95 2 10 75 160.0 15.0 0.87 0.737 3.203 0.877 1.546 2.283 0.05 qd_soft ~energy [75] 1 1
96 2 10 75 160.0 25.0 0.909 0.901 3.535 0.85 1.229 2.327 0.05 qd_soft ~energy [75] 1 1
97 2 10 75 200.0 5.0 0.857 0.727 3.225 0.875 1.088 2.405 0.05 qd_soft ~energy [75] 1 1
98 2 10 75 200.0 15.0 0.87 0.806 3.325 0.868 1.647 2.559 0.05 qd_soft ~energy [75] 1 1
99 2 10 75 200.0 25.0 0.896 0.834 3.554 0.849 1.44 2.388 0.05 qd_soft ~energy [75] 1 1
100 2 10 100 100.0 5.0 0.896 0.665 3.042 0.889 0.742 1.997 0.05 qd_soft ~energy [100] 1 1
101 2 10 100 100.0 15.0 0.909 0.772 3.232 0.875 0.946 2.147 0.05 qd_soft ~energy [100] 1 1
102 2 10 100 100.0 25.0 0.909 0.844 3.42 0.86 1.163 2.246 0.05 qd_soft ~energy [100] 1 1
103 2 10 100 160.0 5.0 0.883 0.658 3.261 0.873 0.826 2.244 0.05 qd_soft ~energy [100] 1 1
104 2 10 100 160.0 15.0 0.883 0.83 3.377 0.863 1.383 2.257 0.05 qd_soft ~energy [100] 1 1
105 2 10 100 160.0 25.0 0.896 0.89 3.583 0.846 1.492 2.631 0.05 qd_soft ~energy [100] 1 1
106 2 10 100 200.0 5.0 0.857 0.68 3.542 0.85 1.025 2.56 0.05 qd_soft ~energy [100] 1 1
107 2 10 100 200.0 15.0 0.857 0.835 3.514 0.852 1.945 2.349 0.05 qd_soft ~energy [100] 1 1
108 2 10 100 200.0 25.0 0.909 0.86 3.499 0.853 1.171 2.295 0.05 qd_soft ~energy [100] 1 1
109 2 20 50 100.0 5.0 0.883 0.679 3.633 0.842 0.838 2.652 0.05 qd_soft ~energy [50] 1 1
110 2 20 50 100.0 15.0 0.909 0.812 3.324 0.868 0.999 2.159 0.05 qd_soft ~energy [50] 1 1
111 2 20 50 100.0 25.0 0.909 0.886 3.575 0.847 1.213 2.404 0.05 qd_soft ~energy [50] 1 1
112 2 20 50 160.0 5.0 0.883 0.678 3.362 0.865 0.83 2.476 0.05 qd_soft ~energy [50] 1 1
113 2 20 50 160.0 15.0 0.883 0.761 3.502 0.853 1.325 2.548 0.05 qd_soft ~energy [50] 1 1
114 2 20 50 160.0 25.0 0.922 0.862 3.62 0.843 1.017 2.47 0.05 qd_soft ~energy [50] 1 1
115 2 20 50 200.0 5.0 0.87 0.663 3.635 0.842 0.912 2.844 0.05 qd_soft ~energy [50] 1 1
116 2 20 50 200.0 15.0 0.883 0.823 3.318 0.868 1.383 2.213 0.05 qd_soft ~energy [50] 1 1
117 2 20 50 200.0 25.0 0.896 0.888 3.314 0.868 1.501 2.361 0.05 qd_soft ~energy [50] 1 1
118 2 20 75 100.0 5.0 0.883 0.65 3.454 0.857 0.812 2.451 0.05 qd_soft ~energy [75] 1 1
119 2 20 75 100.0 15.0 0.896 0.72 3.143 0.882 1.057 2.055 0.05 qd_soft ~energy [75] 1 1
120 2 20 75 100.0 25.0 0.909 0.815 3.329 0.867 1.147 2.279 0.05 qd_soft ~energy [75] 1 1
121 2 20 75 160.0 5.0 0.857 0.637 3.403 0.861 0.986 2.425 0.05 qd_soft ~energy [75] 1 1
122 2 20 75 160.0 15.0 0.922 0.821 3.481 0.855 0.883 2.382 0.05 qd_soft ~energy [75] 1 1
123 2 20 75 160.0 25.0 0.922 0.829 3.378 0.863 0.974 2.299 0.05 qd_soft ~energy [75] 1 1
124 2 20 75 200.0 5.0 0.87 0.666 3.636 0.842 0.914 2.782 0.05 qd_soft ~energy [75] 1 1
125 2 20 75 200.0 15.0 0.883 0.847 3.57 0.847 1.417 2.484 0.05 qd_soft ~energy [75] 1 1
126 2 20 75 200.0 25.0 0.922 0.863 3.283 0.871 0.988 2.205 0.05 qd_soft ~energy [75] 1 1
127 2 20 100 100.0 5.0 0.883 0.692 3.127 0.883 0.836 2.054 0.05 qd_soft ~energy [100] 1 1
128 2 20 100 100.0 15.0 0.909 0.789 3.343 0.866 0.967 2.192 0.05 qd_soft ~energy [100] 1 1
129 2 20 100 100.0 25.0 0.896 0.759 3.319 0.868 1.335 2.172 0.05 qd_soft ~energy [100] 1 1
130 2 20 100 160.0 5.0 0.831 0.676 3.096 0.885 1.268 2.127 0.05 qd_soft ~energy [100] 1 1
131 2 20 100 160.0 15.0 0.896 0.75 3.305 0.869 1.103 2.222 0.05 qd_soft ~energy [100] 1 1
132 2 20 100 160.0 25.0 0.896 0.844 3.367 0.864 1.441 2.308 0.05 qd_soft ~energy [100] 1 1
133 2 20 100 200.0 5.0 0.844 0.673 3.304 0.869 1.132 2.334 0.05 qd_soft ~energy [100] 1 1
134 2 20 100 200.0 15.0 0.87 0.837 3.344 0.866 1.636 2.213 0.05 qd_soft ~energy [100] 1 1
135 2 20 100 200.0 25.0 0.883 0.885 3.531 0.851 1.839 2.366 0.05 qd_soft ~energy [100] 1 1
136 2 30 50 100.0 5.0 0.883 0.693 3.606 0.844 0.856 2.664 0.05 qd_soft ~energy [50] 1 1
137 2 30 50 100.0 15.0 0.922 0.829 3.434 0.859 0.876 2.206 0.05 qd_soft ~energy [50] 1 1
138 2 30 50 100.0 25.0 0.909 0.851 3.32 0.868 1.181 2.256 0.05 qd_soft ~energy [50] 1 1
139 2 30 50 160.0 5.0 0.883 0.685 3.559 0.848 0.844 2.625 0.05 qd_soft ~energy [50] 1 1
140 2 30 50 160.0 15.0 0.883 0.764 3.601 0.845 1.324 2.646 0.05 qd_soft ~energy [50] 1 1
141 2 30 50 160.0 25.0 0.922 0.89 3.463 0.856 1.006 2.273 0.05 qd_soft ~energy [50] 1 1
142 2 30 50 200.0 5.0 0.857 0.701 3.656 0.84 1.061 2.809 0.05 qd_soft ~energy [50] 1 1
143 2 30 50 200.0 15.0 0.922 0.757 3.437 0.858 0.827 2.459 0.05 qd_soft ~energy [50] 1 1
144 2 30 50 200.0 25.0 0.909 0.956 3.594 0.845 1.272 2.353 0.05 qd_soft ~energy [50] 1 1
145 2 30 75 100.0 5.0 0.883 0.619 3.29 0.87 0.77 2.157 0.05 qd_soft ~energy [75] 1 1
146 2 30 75 100.0 15.0 0.883 0.745 3.221 0.876 1.282 2.032 0.05 qd_soft ~energy [75] 1 1
147 2 30 75 100.0 25.0 0.896 0.783 3.25 0.874 1.38 2.088 0.05 qd_soft ~energy [75] 1 1
148 2 30 75 160.0 5.0 0.883 0.661 3.093 0.885 0.808 1.94 0.05 qd_soft ~energy [75] 1 1
149 2 30 75 160.0 15.0 0.883 0.778 3.299 0.87 1.327 2.197 0.05 qd_soft ~energy [75] 1 1
150 2 30 75 160.0 25.0 0.909 0.849 3.425 0.86 1.176 2.248 0.05 qd_soft ~energy [75] 1 1
151 2 30 75 200.0 5.0 0.883 0.685 3.637 0.842 0.848 2.779 0.05 qd_soft ~energy [75] 1 1
152 2 30 75 200.0 15.0 0.883 0.756 3.239 0.874 1.316 2.15 0.05 qd_soft ~energy [75] 1 1
153 2 30 75 200.0 25.0 0.896 0.818 3.26 0.873 1.414 2.124 0.05 qd_soft ~energy [75] 1 1
154 2 30 100 100.0 5.0 0.883 0.68 3.555 0.849 0.849 2.643 0.05 qd_soft ~energy [100] 1 1
155 2 30 100 100.0 15.0 0.883 0.746 3.256 0.873 1.296 2.221 0.05 qd_soft ~energy [100] 1 1
156 2 30 100 100.0 25.0 0.87 0.776 3.192 0.878 2.154 2.364 0.05 qd_soft ~energy [100] 1 1
157 2 30 100 160.0 5.0 0.857 0.672 3.499 0.853 1.022 2.555 0.05 qd_soft ~energy [100] 1 1
158 2 30 100 160.0 15.0 0.948 0.887 3.431 0.859 0.861 2.219 0.05 qd_soft ~energy [100] 1 1
159 2 30 100 160.0 25.0 0.909 0.861 3.53 0.851 1.175 2.384 0.05 qd_soft ~energy [100] 1 1
160 2 30 100 200.0 5.0 0.87 0.65 3.543 0.85 0.9 2.642 0.05 qd_soft ~energy [100] 1 1
161 2 30 100 200.0 15.0 0.857 0.77 3.253 0.873 1.863 2.104 0.05 qd_soft ~energy [100] 1 1
162 2 30 100 200.0 25.0 0.922 0.795 3.467 0.856 0.943 2.461 0.05 qd_soft ~energy [100] 1 1
163 3 10 50 100.0 5.0 0.896 0.572 2.894 0.901 0.664 1.911 0.05 qd_soft ~energy [50] 1 1
164 3 10 50 100.0 15.0 0.922 0.685 2.983 0.894 0.749 1.814 0.05 qd_soft ~energy [50] 1 1
165 3 10 50 100.0 25.0 0.922 0.747 3.075 0.888 0.869 1.937 0.05 qd_soft ~energy [50] 1 1
166 3 10 50 160.0 5.0 0.831 0.606 3.05 0.89 1.169 2.231 0.05 qd_soft ~energy [50] 1 1
167 3 10 50 160.0 15.0 0.922 0.635 2.892 0.901 0.695 1.795 0.05 qd_soft ~energy [50] 1 1
168 3 10 50 160.0 25.0 0.909 0.706 2.958 0.896 1.038 1.924 0.05 qd_soft ~energy [50] 1 1
169 3 10 50 200.0 5.0 0.87 0.588 3.019 0.892 0.824 2.157 0.05 qd_soft ~energy [50] 1 1
170 3 10 50 200.0 15.0 0.935 0.716 2.935 0.898 0.717 1.896 0.05 qd_soft ~energy [50] 1 1
171 3 10 50 200.0 25.0 0.909 0.748 3.048 0.89 1.092 1.941 0.05 qd_soft ~energy [50] 1 1
172 3 10 75 100.0 5.0 0.896 0.609 2.961 0.896 0.694 2.078 0.05 qd_soft ~energy [75] 1 1
173 3 10 75 100.0 15.0 0.909 0.673 2.991 0.894 0.829 1.815 0.05 qd_soft ~energy [75] 1 1
174 3 10 75 100.0 25.0 0.883 0.725 3.183 0.88 1.652 2.051 0.05 qd_soft ~energy [75] 1 1
175 3 10 75 160.0 5.0 0.922 0.592 2.813 0.906 0.581 1.798 0.05 qd_soft ~energy [75] 1 1
176 3 10 75 160.0 15.0 0.909 0.691 3.08 0.887 0.86 1.862 0.05 qd_soft ~energy [75] 1 1
177 3 10 75 160.0 25.0 0.883 0.719 3.019 0.892 1.659 1.987 0.05 qd_soft ~energy [75] 1 1
178 3 10 75 200.0 5.0 0.857 0.615 3.038 0.89 0.973 2.216 0.05 qd_soft ~energy [75] 1 1
179 3 10 75 200.0 15.0 0.935 0.682 2.911 0.899 0.683 1.842 0.05 qd_soft ~energy [75] 1 1
180 3 10 75 200.0 25.0 0.922 0.768 3.167 0.881 0.897 2.002 0.05 qd_soft ~energy [75] 1 1
181 3 10 100 100.0 5.0 0.896 0.571 2.921 0.899 0.654 2.017 0.05 qd_soft ~energy [100] 1 1
182 3 10 100 100.0 15.0 0.909 0.647 2.917 0.899 0.806 1.802 0.05 qd_soft ~energy [100] 1 1
183 3 10 100 100.0 25.0 0.844 0.65 2.911 0.899 3.068 2.105 0.05 qd_soft ~energy [100] 1 1
184 3 10 100 160.0 5.0 0.844 0.553 2.978 0.895 1.013 2.275 0.05 qd_soft ~energy [100] 1 1
185 3 10 100 160.0 15.0 0.896 0.65 2.914 0.899 1.005 1.788 0.05 qd_soft ~energy [100] 1 1
186 3 10 100 160.0 25.0 0.948 0.724 2.973 0.895 0.71 1.816 0.05 qd_soft ~energy [100] 1 1
187 3 10 100 200.0 5.0 0.883 0.557 2.951 0.897 0.707 1.976 0.05 qd_soft ~energy [100] 1 1
188 3 10 100 200.0 15.0 0.909 0.712 3.13 0.884 0.867 1.866 0.05 qd_soft ~energy [100] 1 1
189 3 10 100 200.0 25.0 0.87 0.727 3.303 0.871 2.081 2.013 0.05 qd_soft ~energy [100] 1 1
190 3 20 50 100.0 5.0 0.883 0.604 2.809 0.906 0.746 1.801 0.05 qd_soft ~energy [50] 1 1
191 3 20 50 100.0 15.0 0.935 0.659 2.882 0.901 0.649 1.814 0.05 qd_soft ~energy [50] 1 1
192 3 20 50 100.0 25.0 0.922 0.724 3.023 0.892 0.856 2.081 0.05 qd_soft ~energy [50] 1 1
193 3 20 50 160.0 5.0 0.857 0.597 2.937 0.898 0.913 1.877 0.05 qd_soft ~energy [50] 1 1
194 3 20 50 160.0 15.0 0.883 0.712 2.961 0.896 1.263 1.962 0.05 qd_soft ~energy [50] 1 1
195 3 20 50 160.0 25.0 0.896 0.723 3.03 0.891 1.375 2.017 0.05 qd_soft ~energy [50] 1 1
196 3 20 50 200.0 5.0 0.831 0.65 3.013 0.892 1.248 2.116 0.05 qd_soft ~energy [50] 1 1
197 3 20 50 200.0 15.0 0.922 0.819 3.156 0.882 0.901 2.025 0.05 qd_soft ~energy [50] 1 1
198 3 20 50 200.0 25.0 0.922 0.83 3.005 0.893 1.015 10.133 0.05 qd_soft ~energy [50] 1 1
199 3 20 75 100.0 5.0 0.883 0.559 2.96 0.896 0.713 1.968 0.05 qd_soft ~energy [75] 1 1
200 3 20 75 100.0 15.0 0.922 0.638 2.89 0.901 0.702 1.834 0.05 qd_soft ~energy [75] 1 1
201 3 20 75 100.0 25.0 0.935 0.704 2.984 0.894 0.695 1.869 0.05 qd_soft ~energy [75] 1 1
202 3 20 75 160.0 5.0 0.87 0.57 3.051 0.89 0.803 2.239 0.05 qd_soft ~energy [75] 1 1
203 3 20 75 160.0 15.0 0.896 0.665 3.003 0.893 1.01 1.92 0.05 qd_soft ~energy [75] 1 1
204 3 20 75 160.0 25.0 0.909 0.722 3.105 0.886 1.03 2.011 0.05 qd_soft ~energy [75] 1 1
205 3 20 75 200.0 5.0 0.844 0.563 3.031 0.891 1.02 2.251 0.05 qd_soft ~energy [75] 1 1
206 3 20 75 200.0 15.0 0.909 0.681 2.963 0.896 0.866 2.014 0.05 qd_soft ~energy [75] 1 1
207 3 20 75 200.0 25.0 0.896 0.759 3.006 0.893 1.352 2.077 0.05 qd_soft ~energy [75] 1 1
208 3 20 100 100.0 5.0 0.909 0.544 2.894 0.901 0.581 1.859 0.05 qd_soft ~energy [100] 1 1
209 3 20 100 100.0 15.0 0.909 0.643 2.946 0.897 0.827 1.877 0.05 qd_soft ~energy [100] 1 1
210 3 20 100 100.0 25.0 0.909 0.702 3.004 0.893 1.031 1.848 0.05 qd_soft ~energy [100] 1 1
211 3 20 100 160.0 5.0 1.0 18.459 29.259 -9.159 18.459 4.809 0.05 qd_soft ~energy [100] 1 1
212 3 20 100 160.0 15.0 0.883 0.663 2.913 0.899 1.198 1.829 0.05 qd_soft ~energy [100] 1 1
213 3 20 100 160.0 25.0 0.922 0.739 3.022 0.892 0.861 1.898 0.05 qd_soft ~energy [100] 1 1
214 3 20 100 200.0 5.0 0.883 2.932 8.599 0.123 3.237 3.205 0.05 qd_soft ~energy [100] 1 1
215 3 20 100 200.0 15.0 0.909 0.648 2.885 0.901 0.824 1.826 0.05 qd_soft ~energy [100] 1 1
216 3 20 100 200.0 25.0 0.883 0.706 3.069 0.888 1.644 1.9 0.05 qd_soft ~energy [100] 1 1
217 3 30 50 100.0 5.0 0.87 0.571 3.029 0.891 0.811 2.081 0.05 qd_soft ~energy [50] 1 1
218 3 30 50 100.0 15.0 0.896 0.639 2.949 0.897 0.973 7.562 0.05 qd_soft ~energy [50] 1 1
219 3 30 50 100.0 25.0 0.883 0.7 2.941 0.897 1.639 1.941 0.05 qd_soft ~energy [50] 1 1
220 3 30 50 160.0 5.0 0.844 0.585 3.038 0.89 1.034 2.567 0.05 qd_soft ~energy [50] 1 1
221 3 30 50 160.0 15.0 0.87 0.712 3.125 0.884 1.5 2.056 0.05 qd_soft ~energy [50] 1 1
222 3 30 50 160.0 25.0 0.896 0.755 2.931 0.898 1.336 1.902 0.05 qd_soft ~energy [50] 1 1
223 3 30 50 200.0 5.0 0.857 0.626 3.016 0.892 0.982 2.221 0.05 qd_soft ~energy [50] 1 1
224 3 30 50 200.0 15.0 0.883 0.67 2.885 0.901 1.23 2.067 0.05 qd_soft ~energy [50] 1 1
225 3 30 50 200.0 25.0 0.935 0.741 3.038 0.89 0.766 1.97 0.05 qd_soft ~energy [50] 1 1
226 3 30 75 100.0 5.0 0.909 0.556 2.966 0.896 0.584 2.009 0.05 qd_soft ~energy [75] 1 1
227 3 30 75 100.0 15.0 0.922 0.706 2.961 0.896 0.749 1.9 0.05 qd_soft ~energy [75] 1 1
228 3 30 75 100.0 25.0 0.909 0.684 2.935 0.898 1.011 1.821 0.05 qd_soft ~energy [75] 1 1
229 3 30 75 160.0 5.0 0.896 0.579 2.865 0.903 0.654 1.878 0.05 qd_soft ~energy [75] 1 1
230 3 30 75 160.0 15.0 0.922 0.673 3.096 0.886 0.721 1.892 0.05 qd_soft ~energy [75] 1 1
231 3 30 75 160.0 25.0 0.909 0.693 2.955 0.896 1.009 1.862 0.05 qd_soft ~energy [75] 1 1
232 3 30 75 200.0 5.0 0.883 0.578 2.962 0.896 0.718 2.027 0.05 qd_soft ~energy [75] 1 1
233 3 30 75 200.0 15.0 0.909 0.698 3.048 0.89 0.893 2.147 0.05 qd_soft ~energy [75] 1 1
234 3 30 75 200.0 25.0 0.922 0.764 3.004 0.893 0.888 1.952 0.05 qd_soft ~energy [75] 1 1
235 3 30 100 100.0 5.0 0.909 0.577 2.87 0.902 0.596 1.754 0.05 qd_soft ~energy [100] 1 1
236 3 30 100 100.0 15.0 0.922 0.631 2.813 0.906 0.685 1.737 0.05 qd_soft ~energy [100] 1 1
237 3 30 100 100.0 25.0 0.922 0.682 2.933 0.898 0.805 1.789 0.05 qd_soft ~energy [100] 1 1
238 3 30 100 160.0 5.0 0.883 0.609 2.908 0.9 0.749 1.977 0.05 qd_soft ~energy [100] 1 1
239 3 30 100 160.0 15.0 0.883 0.643 3.07 0.888 1.177 2.136 0.05 qd_soft ~energy [100] 1 1
240 3 30 100 160.0 25.0 0.896 0.712 3.085 0.887 1.3 1.914 0.05 qd_soft ~energy [100] 1 1
241 3 30 100 200.0 5.0 0.883 0.629 3.001 0.893 0.767 1.929 0.05 qd_soft ~energy [100] 1 1
242 3 30 100 200.0 15.0 0.883 0.737 3.034 0.891 1.287 2.039 0.05 qd_soft ~energy [100] 1 1
243 3 30 100 200.0 25.0 0.922 0.758 3.146 0.883 0.882 1.928 0.05 qd_soft ~energy [100] 1 1
