EXP split_seed random_seed neurons soft lambda_in PICP_test MPIW_test RMSE R2 qd_loss NLL alpha loss data h_size bstraps ensemb
1 1 10 50 100.0 5.0 0.874 1.675 0.164 0.612 2.462 -0.503 0.05 qd_soft ~kin8nm [50] 1 1
2 1 10 50 100.0 15.0 0.913 2.054 0.166 0.599 2.628 -0.4 0.05 qd_soft ~kin8nm [50] 1 1
3 1 10 50 100.0 25.0 0.916 2.066 0.162 0.619 2.895 -0.454 0.05 qd_soft ~kin8nm [50] 1 1
4 1 10 50 160.0 5.0 0.87 1.75 0.165 0.605 2.674 -0.337 0.05 qd_soft ~kin8nm [50] 1 1
5 1 10 50 160.0 15.0 0.906 2.202 0.172 0.568 3.037 -0.338 0.05 qd_soft ~kin8nm [50] 1 1
6 1 10 50 160.0 25.0 0.913 2.251 0.175 0.558 3.222 -0.332 0.05 qd_soft ~kin8nm [50] 1 1
7 1 10 50 200.0 5.0 0.871 1.799 0.162 0.621 2.709 -0.336 0.05 qd_soft ~kin8nm [50] 1 1
8 1 10 50 200.0 15.0 0.907 2.167 0.176 0.551 2.967 -0.259 0.05 qd_soft ~kin8nm [50] 1 1
9 1 10 50 200.0 25.0 0.929 2.298 0.177 0.548 2.612 -0.304 0.05 qd_soft ~kin8nm [50] 1 1
10 1 10 75 100.0 5.0 0.88 1.43 0.139 0.72 2.096 -0.668 0.05 qd_soft ~kin8nm [75] 1 1
11 1 10 75 100.0 15.0 0.912 1.848 0.154 0.656 2.456 -0.504 0.05 qd_soft ~kin8nm [75] 1 1
12 1 10 75 100.0 25.0 0.921 2.04 0.161 0.625 2.652 -0.447 0.05 qd_soft ~kin8nm [75] 1 1
13 1 10 75 160.0 5.0 0.883 1.632 0.155 0.649 2.254 -0.458 0.05 qd_soft ~kin8nm [75] 1 1
14 1 10 75 160.0 15.0 0.905 2.016 0.159 0.632 2.895 -0.407 0.05 qd_soft ~kin8nm [75] 1 1
15 1 10 75 160.0 25.0 0.912 2.186 0.165 0.606 3.224 -0.385 0.05 qd_soft ~kin8nm [75] 1 1
16 1 10 75 200.0 5.0 0.86 1.713 0.164 0.608 2.868 -0.386 0.05 qd_soft ~kin8nm [75] 1 1
17 1 10 75 200.0 15.0 0.905 2.124 0.168 0.591 3.017 -0.359 0.05 qd_soft ~kin8nm [75] 1 1
18 1 10 75 200.0 25.0 0.92 2.33 0.177 0.547 3.009 -0.296 0.05 qd_soft ~kin8nm [75] 1 1
19 1 10 100 100.0 5.0 0.888 1.359 0.125 0.772 1.896 -0.746 0.05 qd_soft ~kin8nm [100] 1 1
20 1 10 100 100.0 15.0 0.918 1.734 0.147 0.687 2.152 -0.609 0.05 qd_soft ~kin8nm [100] 1 1
21 1 10 100 100.0 25.0 0.916 1.935 0.15 0.675 2.791 -0.443 0.05 qd_soft ~kin8nm [100] 1 1
22 1 10 100 160.0 5.0 0.859 1.688 0.162 0.617 2.872 -0.377 0.05 qd_soft ~kin8nm [100] 1 1
23 1 10 100 160.0 15.0 0.906 1.984 0.161 0.622 2.806 -0.44 0.05 qd_soft ~kin8nm [100] 1 1
24 1 10 100 160.0 25.0 0.921 2.147 0.165 0.604 2.769 -0.383 0.05 qd_soft ~kin8nm [100] 1 1
25 1 10 100 200.0 5.0 0.874 1.675 0.157 0.643 2.482 -0.478 0.05 qd_soft ~kin8nm [100] 1 1
26 1 10 100 200.0 15.0 0.906 2.031 0.166 0.6 2.856 -0.408 0.05 qd_soft ~kin8nm [100] 1 1
27 1 10 100 200.0 25.0 0.927 2.27 0.171 0.574 2.658 -0.352 0.05 qd_soft ~kin8nm [100] 1 1
28 1 20 50 100.0 5.0 0.876 1.523 0.148 0.682 2.295 -0.556 0.05 qd_soft ~kin8nm [50] 1 1
29 1 20 50 100.0 15.0 0.904 1.987 0.16 0.628 2.917 -0.433 0.05 qd_soft ~kin8nm [50] 1 1
30 1 20 50 100.0 25.0 0.924 2.107 0.164 0.611 2.573 -0.423 0.05 qd_soft ~kin8nm [50] 1 1
31 1 20 50 160.0 5.0 0.868 1.651 0.159 0.631 2.593 -0.441 0.05 qd_soft ~kin8nm [50] 1 1
32 1 20 50 160.0 15.0 0.907 2.034 0.164 0.608 2.817 -0.397 0.05 qd_soft ~kin8nm [50] 1 1
33 1 20 50 160.0 25.0 0.918 2.214 0.171 0.574 2.94 -0.341 0.05 qd_soft ~kin8nm [50] 1 1
34 1 20 50 200.0 5.0 0.874 1.739 0.161 0.623 2.549 -0.405 0.05 qd_soft ~kin8nm [50] 1 1
35 1 20 50 200.0 15.0 0.901 2.181 0.177 0.547 3.216 -0.285 0.05 qd_soft ~kin8nm [50] 1 1
36 1 20 50 200.0 25.0 0.915 2.324 0.177 0.547 3.227 -0.308 0.05 qd_soft ~kin8nm [50] 1 1
37 1 20 75 100.0 5.0 0.873 1.528 0.15 0.675 2.359 -0.536 0.05 qd_soft ~kin8nm [75] 1 1
38 1 20 75 100.0 15.0 0.912 1.915 0.155 0.65 2.532 -0.51 0.05 qd_soft ~kin8nm [75] 1 1
39 1 20 75 100.0 25.0 0.92 2.06 0.16 0.626 2.721 -0.452 0.05 qd_soft ~kin8nm [75] 1 1
40 1 20 75 160.0 5.0 0.873 1.637 0.151 0.67 2.471 -0.491 0.05 qd_soft ~kin8nm [75] 1 1
41 1 20 75 160.0 15.0 0.922 2.118 0.163 0.616 2.471 -0.401 0.05 qd_soft ~kin8nm [75] 1 1
42 1 20 75 160.0 25.0 0.928 2.287 0.172 0.573 2.637 -0.353 0.05 qd_soft ~kin8nm [75] 1 1
43 1 20 75 200.0 5.0 0.872 1.685 0.155 0.65 2.548 -0.435 0.05 qd_soft ~kin8nm [75] 1 1
44 1 20 75 200.0 15.0 0.916 2.1 0.166 0.602 2.606 -0.383 0.05 qd_soft ~kin8nm [75] 1 1
45 1 20 75 200.0 25.0 0.927 2.387 0.18 0.531 2.78 -0.302 0.05 qd_soft ~kin8nm [75] 1 1
46 1 20 100 100.0 5.0 0.877 1.419 0.149 0.68 2.15 -0.602 0.05 qd_soft ~kin8nm [100] 1 1
47 1 20 100 100.0 15.0 0.901 1.825 0.151 0.671 2.846 -0.527 0.05 qd_soft ~kin8nm [100] 1 1
48 1 20 100 100.0 25.0 0.924 2.162 0.171 0.578 2.629 -0.381 0.05 qd_soft ~kin8nm [100] 1 1
49 1 20 100 160.0 5.0 0.868 1.646 0.158 0.639 2.593 -0.419 0.05 qd_soft ~kin8nm [100] 1 1
50 1 20 100 160.0 15.0 0.905 2.114 0.166 0.598 3.001 -0.377 0.05 qd_soft ~kin8nm [100] 1 1
51 1 20 100 160.0 25.0 0.918 2.27 0.174 0.561 3.003 -0.305 0.05 qd_soft ~kin8nm [100] 1 1
52 1 20 100 200.0 5.0 0.861 1.716 0.165 0.605 2.838 -0.36 0.05 qd_soft ~kin8nm [100] 1 1
53 1 20 100 200.0 15.0 0.916 2.165 0.17 0.579 2.677 -0.355 0.05 qd_soft ~kin8nm [100] 1 1
54 1 20 100 200.0 25.0 0.922 2.344 0.176 0.551 2.922 -0.289 0.05 qd_soft ~kin8nm [100] 1 1
55 1 30 50 100.0 5.0 0.871 1.531 0.148 0.683 2.412 -0.576 0.05 qd_soft ~kin8nm [50] 1 1
56 1 30 50 100.0 15.0 0.907 1.987 0.164 0.609 2.759 -0.439 0.05 qd_soft ~kin8nm [50] 1 1
57 1 30 50 100.0 25.0 0.923 2.154 0.167 0.598 2.668 -0.397 0.05 qd_soft ~kin8nm [50] 1 1
58 1 30 50 160.0 5.0 0.872 1.759 0.164 0.612 2.627 -0.382 0.05 qd_soft ~kin8nm [50] 1 1
59 1 30 50 160.0 15.0 0.915 2.137 0.171 0.576 2.681 -0.33 0.05 qd_soft ~kin8nm [50] 1 1
60 1 30 50 160.0 25.0 0.923 2.294 0.172 0.573 2.825 -0.336 0.05 qd_soft ~kin8nm [50] 1 1
61 1 30 50 200.0 5.0 0.878 1.844 0.169 0.583 2.591 -0.293 0.05 qd_soft ~kin8nm [50] 1 1
62 1 30 50 200.0 15.0 0.906 2.219 0.183 0.517 3.057 -0.235 0.05 qd_soft ~kin8nm [50] 1 1
63 1 30 50 200.0 25.0 0.924 2.386 0.177 0.544 2.868 -0.318 0.05 qd_soft ~kin8nm [50] 1 1
64 1 30 75 100.0 5.0 0.865 1.48 0.137 0.726 2.507 -0.612 0.05 qd_soft ~kin8nm [75] 1 1
65 1 30 75 100.0 15.0 0.911 1.881 0.154 0.656 2.529 -0.5 0.05 qd_soft ~kin8nm [75] 1 1
66 1 30 75 100.0 25.0 0.924 2.062 0.159 0.632 2.528 -0.453 0.05 qd_soft ~kin8nm [75] 1 1
67 1 30 75 160.0 5.0 0.872 1.693 0.158 0.637 2.565 -0.435 0.05 qd_soft ~kin8nm [75] 1 1
68 1 30 75 160.0 15.0 0.907 1.928 0.157 0.642 2.704 -0.468 0.05 qd_soft ~kin8nm [75] 1 1
69 1 30 75 160.0 25.0 0.917 2.252 0.169 0.585 3.033 -0.378 0.05 qd_soft ~kin8nm [75] 1 1
70 1 30 75 200.0 5.0 0.874 1.669 0.158 0.637 2.483 -0.367 0.05 qd_soft ~kin8nm [75] 1 1
71 1 30 75 200.0 15.0 0.911 2.27 0.182 0.52 2.932 -0.273 0.05 qd_soft ~kin8nm [75] 1 1
72 1 30 75 200.0 25.0 0.913 2.282 0.172 0.569 3.255 -0.326 0.05 qd_soft ~kin8nm [75] 1 1
73 1 30 100 100.0 5.0 0.894 1.408 0.135 0.734 1.841 -0.705 0.05 qd_soft ~kin8nm [100] 1 1
74 1 30 100 100.0 15.0 0.904 1.858 0.157 0.643 2.777 -0.49 0.05 qd_soft ~kin8nm [100] 1 1
75 1 30 100 100.0 25.0 0.922 2.093 0.165 0.606 2.652 -0.418 0.05 qd_soft ~kin8nm [100] 1 1
76 1 30 100 160.0 5.0 0.873 1.797 0.164 0.612 2.643 -0.367 0.05 qd_soft ~kin8nm [100] 1 1
77 1 30 100 160.0 15.0 0.901 2.065 0.171 0.577 3.085 -0.367 0.05 qd_soft ~kin8nm [100] 1 1
78 1 30 100 160.0 25.0 0.93 2.37 0.179 0.534 2.66 -0.264 0.05 qd_soft ~kin8nm [100] 1 1
79 1 30 100 200.0 5.0 0.872 1.674 0.156 0.646 2.539 -0.396 0.05 qd_soft ~kin8nm [100] 1 1
80 1 30 100 200.0 15.0 0.913 2.155 0.17 0.581 2.739 -0.331 0.05 qd_soft ~kin8nm [100] 1 1
81 1 30 100 200.0 25.0 0.917 2.426 0.184 0.508 3.223 -0.251 0.05 qd_soft ~kin8nm [100] 1 1
82 2 10 50 100.0 5.0 0.87 1.644 0.157 0.655 2.565 -0.442 0.05 qd_soft ~kin8nm [50] 1 1
83 2 10 50 100.0 15.0 0.91 2.029 0.16 0.645 2.741 -0.413 0.05 qd_soft ~kin8nm [50] 1 1
84 2 10 50 100.0 25.0 0.93 2.179 0.171 0.59 2.445 -0.372 0.05 qd_soft ~kin8nm [50] 1 1
85 2 10 50 160.0 5.0 0.879 1.765 0.162 0.633 2.488 0.077 0.05 qd_soft ~kin8nm [50] 1 1
86 2 10 50 160.0 15.0 0.918 2.158 0.168 0.605 2.611 -0.33 0.05 qd_soft ~kin8nm [50] 1 1
87 2 10 50 160.0 25.0 0.929 2.304 0.173 0.583 2.626 -0.301 0.05 qd_soft ~kin8nm [50] 1 1
88 2 10 50 200.0 5.0 0.876 1.808 0.167 0.61 2.606 -0.241 0.05 qd_soft ~kin8nm [50] 1 1
89 2 10 50 200.0 15.0 0.911 2.18 0.175 0.575 2.857 -0.23 0.05 qd_soft ~kin8nm [50] 1 1
90 2 10 50 200.0 25.0 0.923 2.444 0.187 0.514 2.99 -0.194 0.05 qd_soft ~kin8nm [50] 1 1
91 2 10 75 100.0 5.0 0.883 1.479 0.149 0.692 2.099 -0.568 0.05 qd_soft ~kin8nm [75] 1 1
92 2 10 75 100.0 15.0 0.915 1.896 0.155 0.663 2.44 -0.48 0.05 qd_soft ~kin8nm [75] 1 1
93 2 10 75 100.0 25.0 0.926 2.099 0.163 0.631 2.53 -0.356 0.05 qd_soft ~kin8nm [75] 1 1
94 2 10 75 160.0 5.0 0.876 1.652 0.159 0.646 2.438 -0.444 0.05 qd_soft ~kin8nm [75] 1 1
95 2 10 75 160.0 15.0 0.927 2.066 0.165 0.62 2.301 -0.359 0.05 qd_soft ~kin8nm [75] 1 1
96 2 10 75 160.0 25.0 0.923 2.281 0.168 0.606 2.822 -0.329 0.05 qd_soft ~kin8nm [75] 1 1
97 2 10 75 200.0 5.0 0.882 1.833 0.165 0.618 2.503 -0.303 0.05 qd_soft ~kin8nm [75] 1 1
98 2 10 75 200.0 15.0 0.922 2.124 0.165 0.619 2.479 -0.351 0.05 qd_soft ~kin8nm [75] 1 1
99 2 10 75 200.0 25.0 0.917 2.41 0.185 0.525 3.212 -0.228 0.05 qd_soft ~kin8nm [75] 1 1
100 2 10 100 100.0 5.0 0.888 1.418 0.137 0.739 1.951 -0.703 0.05 qd_soft ~kin8nm [100] 1 1
101 2 10 100 100.0 15.0 0.912 1.736 0.147 0.7 2.344 -0.557 0.05 qd_soft ~kin8nm [100] 1 1
102 2 10 100 100.0 25.0 0.929 2.03 0.162 0.632 2.338 -0.432 0.05 qd_soft ~kin8nm [100] 1 1
103 2 10 100 160.0 5.0 0.871 1.555 0.148 0.693 2.449 -0.52 0.05 qd_soft ~kin8nm [100] 1 1
104 2 10 100 160.0 15.0 0.909 1.986 0.157 0.654 2.744 -0.421 0.05 qd_soft ~kin8nm [100] 1 1
105 2 10 100 160.0 25.0 0.932 2.294 0.178 0.559 2.545 -0.291 0.05 qd_soft ~kin8nm [100] 1 1
106 2 10 100 200.0 5.0 0.872 1.685 0.163 0.629 2.557 -0.354 0.05 qd_soft ~kin8nm [100] 1 1
107 2 10 100 200.0 15.0 0.923 2.057 0.164 0.627 2.381 -0.334 0.05 qd_soft ~kin8nm [100] 1 1
108 2 10 100 200.0 25.0 0.923 2.392 0.18 0.546 2.934 -0.25 0.05 qd_soft ~kin8nm [100] 1 1
109 2 20 50 100.0 5.0 0.885 1.533 0.151 0.683 2.117 -0.542 0.05 qd_soft ~kin8nm [50] 1 1
110 2 20 50 100.0 15.0 0.91 1.979 0.161 0.639 2.692 4.604 0.05 qd_soft ~kin8nm [50] 1 1
111 2 20 50 100.0 25.0 0.916 2.238 0.173 0.584 3.094 -0.308 0.05 qd_soft ~kin8nm [50] 1 1
112 2 20 50 160.0 5.0 0.878 1.795 0.162 0.633 2.547 -0.34 0.05 qd_soft ~kin8nm [50] 1 1
113 2 20 50 160.0 15.0 0.916 2.085 0.168 0.607 2.594 -0.35 0.05 qd_soft ~kin8nm [50] 1 1
114 2 20 50 160.0 25.0 0.933 2.172 0.168 0.608 2.39 -0.383 0.05 qd_soft ~kin8nm [50] 1 1
115 2 20 50 200.0 5.0 0.87 1.916 0.174 0.579 2.862 -0.173 0.05 qd_soft ~kin8nm [50] 1 1
116 2 20 50 200.0 15.0 0.909 2.14 0.172 0.587 2.902 -0.265 0.05 qd_soft ~kin8nm [50] 1 1
117 2 20 50 200.0 25.0 0.911 2.392 0.186 0.517 3.51 -0.183 0.05 qd_soft ~kin8nm [50] 1 1
118 2 20 75 100.0 5.0 0.894 1.427 0.134 0.748 1.858 -0.693 0.05 qd_soft ~kin8nm [75] 1 1
119 2 20 75 100.0 15.0 0.91 1.9 0.153 0.674 2.606 -0.445 0.05 qd_soft ~kin8nm [75] 1 1
120 2 20 75 100.0 25.0 0.932 2.126 0.161 0.639 2.375 -0.413 0.05 qd_soft ~kin8nm [75] 1 1
121 2 20 75 160.0 5.0 0.887 1.649 0.153 0.672 2.218 -0.472 0.05 qd_soft ~kin8nm [75] 1 1
122 2 20 75 160.0 15.0 0.911 1.968 0.165 0.62 2.635 -0.342 0.05 qd_soft ~kin8nm [75] 1 1
123 2 20 75 160.0 25.0 0.93 2.222 0.171 0.592 2.505 -0.339 0.05 qd_soft ~kin8nm [75] 1 1
124 2 20 75 200.0 5.0 0.887 1.698 0.155 0.665 2.269 -0.437 0.05 qd_soft ~kin8nm [75] 1 1
125 2 20 75 200.0 15.0 0.912 2.158 0.167 0.609 2.795 -0.328 0.05 qd_soft ~kin8nm [75] 1 1
126 2 20 75 200.0 25.0 0.923 2.219 0.172 0.586 2.746 -0.312 0.05 qd_soft ~kin8nm [75] 1 1
127 2 20 100 100.0 5.0 0.887 1.37 0.128 0.773 1.937 -0.719 0.05 qd_soft ~kin8nm [100] 1 1
128 2 20 100 100.0 15.0 0.922 1.777 0.148 0.694 2.115 -0.564 0.05 qd_soft ~kin8nm [100] 1 1
129 2 20 100 100.0 25.0 0.928 2.035 0.158 0.654 2.392 -0.445 0.05 qd_soft ~kin8nm [100] 1 1
130 2 20 100 160.0 5.0 0.884 1.59 0.146 0.704 2.204 -0.517 0.05 qd_soft ~kin8nm [100] 1 1
131 2 20 100 160.0 15.0 0.906 1.989 0.16 0.643 2.831 -0.42 0.05 qd_soft ~kin8nm [100] 1 1
132 2 20 100 160.0 25.0 0.933 2.125 0.165 0.622 2.345 -0.397 0.05 qd_soft ~kin8nm [100] 1 1
133 2 20 100 200.0 5.0 0.871 1.739 0.161 0.638 2.653 1.536 0.05 qd_soft ~kin8nm [100] 1 1
134 2 20 100 200.0 15.0 0.92 1.967 0.154 0.667 2.372 -0.458 0.05 qd_soft ~kin8nm [100] 1 1
135 2 20 100 200.0 25.0 0.924 2.358 0.175 0.571 2.859 -0.195 0.05 qd_soft ~kin8nm [100] 1 1
136 2 30 50 100.0 5.0 0.888 1.58 0.152 0.677 2.118 -0.518 0.05 qd_soft ~kin8nm [50] 1 1
137 2 30 50 100.0 15.0 0.909 1.947 0.158 0.65 2.691 -0.391 0.05 qd_soft ~kin8nm [50] 1 1
138 2 30 50 100.0 25.0 0.92 2.046 0.159 0.649 2.721 -0.411 0.05 qd_soft ~kin8nm [50] 1 1
139 2 30 50 160.0 5.0 0.859 1.747 0.17 0.595 2.947 -0.233 0.05 qd_soft ~kin8nm [50] 1 1
140 2 30 50 160.0 15.0 0.92 2.208 0.172 0.588 2.613 -0.334 0.05 qd_soft ~kin8nm [50] 1 1
141 2 30 50 160.0 25.0 0.928 2.212 0.165 0.618 2.571 -0.372 0.05 qd_soft ~kin8nm [50] 1 1
142 2 30 50 200.0 5.0 0.879 1.835 0.163 0.63 2.572 -0.247 0.05 qd_soft ~kin8nm [50] 1 1
143 2 30 50 200.0 15.0 0.905 2.313 0.185 0.523 3.216 -0.201 0.05 qd_soft ~kin8nm [50] 1 1
144 2 30 50 200.0 25.0 0.916 2.268 0.174 0.577 3.12 -0.305 0.05 qd_soft ~kin8nm [50] 1 1
145 2 30 75 100.0 5.0 0.872 1.523 0.15 0.684 2.374 -0.532 0.05 qd_soft ~kin8nm [75] 1 1
146 2 30 75 100.0 15.0 0.92 1.869 0.151 0.683 2.272 -0.532 0.05 qd_soft ~kin8nm [75] 1 1
147 2 30 75 100.0 25.0 0.921 1.994 0.158 0.652 2.619 -0.414 0.05 qd_soft ~kin8nm [75] 1 1
148 2 30 75 160.0 5.0 0.878 1.614 0.153 0.674 2.354 -0.464 0.05 qd_soft ~kin8nm [75] 1 1
149 2 30 75 160.0 15.0 0.909 2.11 0.173 0.584 2.87 -0.287 0.05 qd_soft ~kin8nm [75] 1 1
150 2 30 75 160.0 25.0 0.924 2.301 0.174 0.58 2.788 -0.277 0.05 qd_soft ~kin8nm [75] 1 1
151 2 30 75 200.0 5.0 0.87 1.76 0.163 0.629 2.689 -0.296 0.05 qd_soft ~kin8nm [75] 1 1
152 2 30 75 200.0 15.0 0.901 2.209 0.174 0.579 3.265 -0.223 0.05 qd_soft ~kin8nm [75] 1 1
153 2 30 75 200.0 25.0 0.933 2.272 0.168 0.608 2.503 -0.32 0.05 qd_soft ~kin8nm [75] 1 1
154 2 30 100 100.0 5.0 0.877 1.442 0.15 0.686 2.185 -0.57 0.05 qd_soft ~kin8nm [100] 1 1
155 2 30 100 100.0 15.0 0.918 1.896 0.156 0.662 2.332 -0.491 0.05 qd_soft ~kin8nm [100] 1 1
156 2 30 100 100.0 25.0 0.918 1.957 0.154 0.668 2.683 -0.489 0.05 qd_soft ~kin8nm [100] 1 1
157 2 30 100 160.0 5.0 0.867 1.59 0.155 0.664 2.553 -0.454 0.05 qd_soft ~kin8nm [100] 1 1
158 2 30 100 160.0 15.0 0.896 2.079 0.168 0.606 3.351 -0.169 0.05 qd_soft ~kin8nm [100] 1 1
159 2 30 100 160.0 25.0 0.932 2.171 0.167 0.61 2.425 -0.321 0.05 qd_soft ~kin8nm [100] 1 1
160 2 30 100 200.0 5.0 0.879 1.646 0.15 0.688 2.366 -0.441 0.05 qd_soft ~kin8nm [100] 1 1
161 2 30 100 200.0 15.0 0.91 2.166 0.17 0.595 2.897 -0.28 0.05 qd_soft ~kin8nm [100] 1 1
162 2 30 100 200.0 25.0 0.935 2.231 0.169 0.6 2.393 -0.363 0.05 qd_soft ~kin8nm [100] 1 1
163 3 10 50 100.0 5.0 0.901 1.638 0.143 0.707 1.976 -0.559 0.05 qd_soft ~kin8nm [50] 1 1
164 3 10 50 100.0 15.0 0.927 2.002 0.155 0.654 2.242 -0.459 0.05 qd_soft ~kin8nm [50] 1 1
165 3 10 50 100.0 25.0 0.937 2.141 0.159 0.637 2.277 -0.453 0.05 qd_soft ~kin8nm [50] 1 1
166 3 10 50 160.0 5.0 0.909 1.87 0.158 0.641 2.129 -0.37 0.05 qd_soft ~kin8nm [50] 1 1
167 3 10 50 160.0 15.0 0.937 2.164 0.164 0.613 2.26 -0.362 0.05 qd_soft ~kin8nm [50] 1 1
168 3 10 50 160.0 25.0 0.952 2.41 0.169 0.59 2.426 -0.35 0.05 qd_soft ~kin8nm [50] 1 1
169 3 10 50 200.0 5.0 0.899 1.88 0.159 0.636 2.268 -0.36 0.05 qd_soft ~kin8nm [50] 1 1
170 3 10 50 200.0 15.0 0.926 2.223 0.167 0.599 2.499 -0.315 0.05 qd_soft ~kin8nm [50] 1 1
171 3 10 50 200.0 25.0 0.94 2.502 0.182 0.524 2.59 -0.269 0.05 qd_soft ~kin8nm [50] 1 1
172 3 10 75 100.0 5.0 0.904 1.493 0.137 0.731 1.789 -0.61 0.05 qd_soft ~kin8nm [75] 1 1
173 3 10 75 100.0 15.0 0.927 1.874 0.148 0.686 2.103 -0.53 0.05 qd_soft ~kin8nm [75] 1 1
174 3 10 75 100.0 25.0 0.954 2.097 0.155 0.657 2.109 -0.474 0.05 qd_soft ~kin8nm [75] 1 1
175 3 10 75 160.0 5.0 0.904 1.669 0.144 0.702 1.978 -0.516 0.05 qd_soft ~kin8nm [75] 1 1
176 3 10 75 160.0 15.0 0.923 2.142 0.166 0.606 2.465 -0.36 0.05 qd_soft ~kin8nm [75] 1 1
177 3 10 75 160.0 25.0 0.93 2.285 0.166 0.607 2.592 -0.339 0.05 qd_soft ~kin8nm [75] 1 1
178 3 10 75 200.0 5.0 0.898 1.79 0.151 0.673 2.198 -0.449 0.05 qd_soft ~kin8nm [75] 1 1
179 3 10 75 200.0 15.0 0.928 2.201 0.169 0.59 2.427 -0.341 0.05 qd_soft ~kin8nm [75] 1 1
180 3 10 75 200.0 25.0 0.949 2.4 0.17 0.587 2.419 -0.346 0.05 qd_soft ~kin8nm [75] 1 1
181 3 10 100 100.0 5.0 0.899 1.432 0.128 0.764 1.805 -0.68 0.05 qd_soft ~kin8nm [100] 1 1
182 3 10 100 100.0 15.0 0.927 1.931 0.151 0.673 2.172 -0.483 0.05 qd_soft ~kin8nm [100] 1 1
183 3 10 100 100.0 25.0 0.939 1.983 0.149 0.681 2.075 -0.524 0.05 qd_soft ~kin8nm [100] 1 1
184 3 10 100 160.0 5.0 0.904 1.634 0.148 0.686 1.927 -0.577 0.05 qd_soft ~kin8nm [100] 1 1
185 3 10 100 160.0 15.0 0.932 2.038 0.158 0.642 2.19 -0.427 0.05 qd_soft ~kin8nm [100] 1 1
186 3 10 100 160.0 25.0 0.939 2.18 0.163 0.618 2.277 -0.41 0.05 qd_soft ~kin8nm [100] 1 1
187 3 10 100 200.0 5.0 0.896 1.687 0.151 0.672 2.096 -0.418 0.05 qd_soft ~kin8nm [100] 1 1
188 3 10 100 200.0 15.0 0.939 2.064 0.158 0.64 2.121 -0.441 0.05 qd_soft ~kin8nm [100] 1 1
189 3 10 100 200.0 25.0 0.95 2.33 0.168 0.597 2.347 -0.357 0.05 qd_soft ~kin8nm [100] 1 1
190 3 20 50 100.0 5.0 0.904 1.518 0.136 0.733 1.822 -0.662 0.05 qd_soft ~kin8nm [50] 1 1
191 3 20 50 100.0 15.0 0.91 1.974 0.152 0.671 2.704 -0.45 0.05 qd_soft ~kin8nm [50] 1 1
192 3 20 50 100.0 25.0 0.945 2.147 0.157 0.647 2.175 -0.478 0.05 qd_soft ~kin8nm [50] 1 1
193 3 20 50 160.0 5.0 0.896 1.705 0.149 0.68 2.118 -0.481 0.05 qd_soft ~kin8nm [50] 1 1
194 3 20 50 160.0 15.0 0.933 2.149 0.16 0.634 2.3 -0.403 0.05 qd_soft ~kin8nm [50] 1 1
195 3 20 50 160.0 25.0 0.934 2.355 0.168 0.597 2.567 -0.314 0.05 qd_soft ~kin8nm [50] 1 1
196 3 20 50 200.0 5.0 0.882 1.912 0.166 0.606 2.61 -0.253 0.05 qd_soft ~kin8nm [50] 1 1
197 3 20 50 200.0 15.0 0.929 2.198 0.164 0.614 2.41 -0.33 0.05 qd_soft ~kin8nm [50] 1 1
198 3 20 50 200.0 25.0 0.946 2.428 0.171 0.581 2.46 -0.325 0.05 qd_soft ~kin8nm [50] 1 1
199 3 20 75 100.0 5.0 0.895 1.428 0.131 0.755 1.846 -0.692 0.05 qd_soft ~kin8nm [75] 1 1
200 3 20 75 100.0 15.0 0.939 1.865 0.149 0.681 1.918 -0.52 0.05 qd_soft ~kin8nm [75] 1 1
201 3 20 75 100.0 25.0 0.943 1.944 0.143 0.705 1.991 -0.539 0.05 qd_soft ~kin8nm [75] 1 1
202 3 20 75 160.0 5.0 0.885 1.676 0.149 0.68 2.272 -0.471 0.05 qd_soft ~kin8nm [75] 1 1
203 3 20 75 160.0 15.0 0.938 2.062 0.157 0.645 2.131 -0.452 0.05 qd_soft ~kin8nm [75] 1 1
204 3 20 75 160.0 25.0 0.938 2.221 0.163 0.621 2.331 -0.433 0.05 qd_soft ~kin8nm [75] 1 1
205 3 20 75 200.0 5.0 0.9 1.73 0.146 0.692 2.102 -0.45 0.05 qd_soft ~kin8nm [75] 1 1
206 3 20 75 200.0 15.0 0.933 2.139 0.165 0.611 2.281 -0.341 0.05 qd_soft ~kin8nm [75] 1 1
207 3 20 75 200.0 25.0 0.941 2.185 0.161 0.629 2.252 -0.417 0.05 qd_soft ~kin8nm [75] 1 1
208 3 20 100 100.0 5.0 0.904 1.377 0.127 0.768 1.674 -0.717 0.05 qd_soft ~kin8nm [100] 1 1
209 3 20 100 100.0 15.0 0.937 1.837 0.146 0.695 1.916 -0.559 0.05 qd_soft ~kin8nm [100] 1 1
210 3 20 100 100.0 25.0 0.941 1.959 0.145 0.698 2.016 -0.545 0.05 qd_soft ~kin8nm [100] 1 1
211 3 20 100 160.0 5.0 0.893 1.582 0.143 0.706 2.049 -0.538 0.05 qd_soft ~kin8nm [100] 1 1
212 3 20 100 160.0 15.0 0.933 2.04 0.155 0.655 2.185 -0.412 0.05 qd_soft ~kin8nm [100] 1 1
213 3 20 100 160.0 25.0 0.939 2.193 0.157 0.646 2.309 -0.384 0.05 qd_soft ~kin8nm [100] 1 1
214 3 20 100 200.0 5.0 0.878 1.774 0.152 0.67 2.535 -0.432 0.05 qd_soft ~kin8nm [100] 1 1
215 3 20 100 200.0 15.0 0.926 2.157 0.164 0.614 2.442 -0.351 0.05 qd_soft ~kin8nm [100] 1 1
216 3 20 100 200.0 25.0 0.949 2.348 0.164 0.614 2.378 0.501 0.05 qd_soft ~kin8nm [100] 1 1
217 3 30 50 100.0 5.0 0.888 1.452 0.13 0.758 1.997 -0.663 0.05 qd_soft ~kin8nm [50] 1 1
218 3 30 50 100.0 15.0 0.938 1.965 0.152 0.67 2.035 -0.485 0.05 qd_soft ~kin8nm [50] 1 1
219 3 30 50 100.0 25.0 0.951 2.178 0.162 0.625 2.181 -0.422 0.05 qd_soft ~kin8nm [50] 1 1
220 3 30 50 160.0 5.0 0.898 1.665 0.147 0.688 2.054 -0.49 0.05 qd_soft ~kin8nm [50] 1 1
221 3 30 50 160.0 15.0 0.928 2.097 0.164 0.612 2.318 -0.39 0.05 qd_soft ~kin8nm [50] 1 1
222 3 30 50 160.0 25.0 0.944 2.197 0.159 0.637 2.229 -0.448 0.05 qd_soft ~kin8nm [50] 1 1
223 3 30 50 200.0 5.0 0.889 1.834 0.154 0.661 2.376 -0.42 0.05 qd_soft ~kin8nm [50] 1 1
224 3 30 50 200.0 15.0 0.927 2.242 0.167 0.598 2.488 -0.361 0.05 qd_soft ~kin8nm [50] 1 1
225 3 30 50 200.0 25.0 0.949 2.434 0.174 0.567 2.457 -0.322 0.05 qd_soft ~kin8nm [50] 1 1
226 3 30 75 100.0 5.0 0.894 1.453 0.132 0.749 1.898 -0.677 0.05 qd_soft ~kin8nm [75] 1 1
227 3 30 75 100.0 15.0 0.937 1.878 0.145 0.699 1.956 -0.559 0.05 qd_soft ~kin8nm [75] 1 1
228 3 30 75 100.0 25.0 0.943 2.117 0.151 0.671 2.166 -0.48 0.05 qd_soft ~kin8nm [75] 1 1
229 3 30 75 160.0 5.0 0.882 1.603 0.147 0.691 2.264 -0.522 0.05 qd_soft ~kin8nm [75] 1 1
230 3 30 75 160.0 15.0 0.934 2.068 0.156 0.649 2.185 -0.458 0.05 qd_soft ~kin8nm [75] 1 1
231 3 30 75 160.0 25.0 0.945 2.22 0.163 0.617 2.247 -0.395 0.05 qd_soft ~kin8nm [75] 1 1
232 3 30 75 200.0 5.0 0.891 1.748 0.151 0.672 2.24 -0.471 0.05 qd_soft ~kin8nm [75] 1 1
233 3 30 75 200.0 15.0 0.928 2.111 0.158 0.641 2.345 -0.402 0.05 qd_soft ~kin8nm [75] 1 1
234 3 30 75 200.0 25.0 0.95 2.405 0.169 0.589 2.423 -0.342 0.05 qd_soft ~kin8nm [75] 1 1
235 3 30 100 100.0 5.0 0.9 1.48 0.131 0.752 1.834 -0.672 0.05 qd_soft ~kin8nm [100] 1 1
236 3 30 100 100.0 15.0 0.928 1.804 0.141 0.713 2.023 -0.566 0.05 qd_soft ~kin8nm [100] 1 1
237 3 30 100 100.0 25.0 0.94 2.021 0.15 0.677 2.102 -0.506 0.05 qd_soft ~kin8nm [100] 1 1
238 3 30 100 160.0 5.0 0.885 1.58 0.144 0.704 2.175 -0.508 0.05 qd_soft ~kin8nm [100] 1 1
239 3 30 100 160.0 15.0 0.928 1.995 0.155 0.655 2.216 -0.446 0.05 qd_soft ~kin8nm [100] 1 1
240 3 30 100 160.0 25.0 0.934 2.195 0.157 0.646 2.398 -0.431 0.05 qd_soft ~kin8nm [100] 1 1
241 3 30 100 200.0 5.0 0.887 1.693 0.147 0.692 2.276 -0.488 0.05 qd_soft ~kin8nm [100] 1 1
242 3 30 100 200.0 15.0 0.916 2.096 0.162 0.623 2.628 -0.364 0.05 qd_soft ~kin8nm [100] 1 1
243 3 30 100 200.0 25.0 0.941 2.366 0.178 0.543 2.442 -0.267 0.05 qd_soft ~kin8nm [100] 1 1
