EXP split_seed random_seed neurons soft lambda_in PICP_test MPIW_test RMSE R2 qd_loss NLL alpha loss data h_size bstraps ensemb
1 1 10 50 100.0 5.0 0.909 3.101 0.007 0.029 3.4 -3.412 0.05 qd_soft ~naval [50] 1 1
2 1 10 50 100.0 15.0 0.949 3.244 0.008 -0.0 3.247 -3.415 0.05 qd_soft ~naval [50] 1 1
3 1 10 50 100.0 25.0 0.951 3.245 0.008 0.011 3.254 -3.419 0.05 qd_soft ~naval [50] 1 1
4 1 10 50 160.0 5.0 0.911 3.095 0.008 -0.014 3.38 -3.353 0.05 qd_soft ~naval [50] 1 1
5 1 10 50 160.0 15.0 0.941 3.227 0.008 -0.004 3.274 -3.408 0.05 qd_soft ~naval [50] 1 1
6 1 10 50 160.0 25.0 0.946 3.211 0.008 0.009 3.23 -3.416 0.05 qd_soft ~naval [50] 1 1
7 1 10 50 200.0 5.0 1.0 22.302 0.008 -0.14 22.302 -2.553 0.05 qd_soft ~naval [50] 1 1
8 1 10 50 200.0 15.0 1.0 22.45 0.01 -0.58 22.45 -2.549 0.05 qd_soft ~naval [50] 1 1
9 1 10 50 200.0 25.0 1.0 20.204 0.009 -0.478 20.204 -2.618 0.05 qd_soft ~naval [50] 1 1
10 1 10 75 100.0 5.0 0.918 3.122 0.008 0.014 3.301 -3.408 0.05 qd_soft ~naval [75] 1 1
11 1 10 75 100.0 15.0 0.938 3.211 0.008 0.012 3.287 -3.42 0.05 qd_soft ~naval [75] 1 1
12 1 10 75 100.0 25.0 0.953 3.257 0.008 0.002 3.259 -3.42 0.05 qd_soft ~naval [75] 1 1
13 1 10 75 160.0 5.0 0.911 3.099 0.008 0.0 3.367 -3.384 0.05 qd_soft ~naval [75] 1 1
14 1 10 75 160.0 15.0 0.95 3.226 0.008 0.012 3.228 -3.422 0.05 qd_soft ~naval [75] 1 1
15 1 10 75 160.0 25.0 0.949 3.246 0.008 0.006 3.251 -3.421 0.05 qd_soft ~naval [75] 1 1
16 1 10 75 200.0 5.0 0.908 3.104 0.008 0.014 3.42 -3.4 0.05 qd_soft ~naval [75] 1 1
17 1 10 75 200.0 15.0 0.948 3.204 0.008 0.001 3.208 -3.409 0.05 qd_soft ~naval [75] 1 1
18 1 10 75 200.0 25.0 0.959 3.265 0.008 0.007 3.268 -3.425 0.05 qd_soft ~naval [75] 1 1
19 1 10 100 100.0 5.0 0.91 3.097 0.007 0.029 3.373 -3.412 0.05 qd_soft ~naval [100] 1 1
20 1 10 100 100.0 15.0 0.939 3.209 0.008 0.021 3.279 -3.423 0.05 qd_soft ~naval [100] 1 1
21 1 10 100 100.0 25.0 0.95 3.226 0.008 0.006 3.232 -3.414 0.05 qd_soft ~naval [100] 1 1
22 1 10 100 160.0 5.0 0.921 3.144 0.008 0.02 3.292 -3.413 0.05 qd_soft ~naval [100] 1 1
23 1 10 100 160.0 15.0 0.948 3.208 0.008 0.001 3.218 -3.405 0.05 qd_soft ~naval [100] 1 1
24 1 10 100 160.0 25.0 0.956 3.251 0.008 0.012 3.259 -3.422 0.05 qd_soft ~naval [100] 1 1
25 1 10 100 200.0 5.0 0.913 3.101 0.008 0.011 3.343 -3.395 0.05 qd_soft ~naval [100] 1 1
26 1 10 100 200.0 15.0 0.936 3.205 0.008 0.01 3.321 -3.413 0.05 qd_soft ~naval [100] 1 1
27 1 10 100 200.0 25.0 0.955 3.275 0.008 -0.0 3.282 -3.416 0.05 qd_soft ~naval [100] 1 1
28 1 20 50 100.0 5.0 0.907 3.109 0.007 0.028 3.434 -3.412 0.05 qd_soft ~naval [50] 1 1
29 1 20 50 100.0 15.0 0.942 3.22 0.008 0.006 3.254 -3.416 0.05 qd_soft ~naval [50] 1 1
30 1 20 50 100.0 25.0 0.963 3.274 0.008 0.012 3.28 -3.428 0.05 qd_soft ~naval [50] 1 1
31 1 20 50 160.0 5.0 0.92 3.13 0.008 -0.015 3.309 -3.37 0.05 qd_soft ~naval [50] 1 1
32 1 20 50 160.0 15.0 0.939 3.208 0.008 0.002 3.273 -3.413 0.05 qd_soft ~naval [50] 1 1
33 1 20 50 160.0 25.0 0.953 3.234 0.008 0.004 3.234 -3.419 0.05 qd_soft ~naval [50] 1 1
34 1 20 50 200.0 5.0 0.92 3.104 0.008 0.012 3.276 -3.397 0.05 qd_soft ~naval [50] 1 1
35 1 20 50 200.0 15.0 0.931 3.185 0.008 0.005 3.377 -3.404 0.05 qd_soft ~naval [50] 1 1
36 1 20 50 200.0 25.0 0.951 3.246 0.008 0.005 3.252 -3.419 0.05 qd_soft ~naval [50] 1 1
37 1 20 75 100.0 5.0 0.899 3.039 0.007 0.049 3.489 -3.414 0.05 qd_soft ~naval [75] 1 1
38 1 20 75 100.0 15.0 0.944 3.215 0.008 0.015 3.237 -3.422 0.05 qd_soft ~naval [75] 1 1
39 1 20 75 100.0 25.0 0.954 3.259 0.008 0.01 3.263 -3.425 0.05 qd_soft ~naval [75] 1 1
40 1 20 75 160.0 5.0 0.9 3.082 0.008 -0.002 3.522 -3.377 0.05 qd_soft ~naval [75] 1 1
41 1 20 75 160.0 15.0 0.94 3.214 0.008 -0.005 3.277 -3.401 0.05 qd_soft ~naval [75] 1 1
42 1 20 75 160.0 25.0 0.955 3.244 0.008 0.007 3.253 -3.417 0.05 qd_soft ~naval [75] 1 1
43 1 20 75 200.0 5.0 0.91 3.079 0.008 0.016 3.356 -3.397 0.05 qd_soft ~naval [75] 1 1
44 1 20 75 200.0 15.0 0.936 3.198 0.008 0.015 3.301 -3.416 0.05 qd_soft ~naval [75] 1 1
45 1 20 75 200.0 25.0 0.948 3.277 0.008 0.005 3.293 -3.418 0.05 qd_soft ~naval [75] 1 1
46 1 20 100 100.0 5.0 0.905 3.064 0.007 0.044 3.415 -3.416 0.05 qd_soft ~naval [100] 1 1
47 1 20 100 100.0 15.0 0.94 3.203 0.008 0.01 3.264 -3.413 0.05 qd_soft ~naval [100] 1 1
48 1 20 100 100.0 25.0 0.957 3.249 0.008 0.01 3.252 -3.424 0.05 qd_soft ~naval [100] 1 1
49 1 20 100 160.0 5.0 1.0 31.576 0.022 -7.038 31.576 -2.523 0.05 qd_soft ~naval [100] 1 1
50 1 20 100 160.0 15.0 1.0 22.049 0.009 -0.475 22.049 -2.716 0.05 qd_soft ~naval [100] 1 1
51 1 20 100 160.0 25.0 0.961 3.269 0.008 0.003 3.273 -3.42 0.05 qd_soft ~naval [100] 1 1
52 1 20 100 200.0 5.0 1.0 29.343 0.025 -10.136 29.343 -2.554 0.05 qd_soft ~naval [100] 1 1
53 1 20 100 200.0 15.0 1.0 30.164 0.023 -8.335 30.164 -2.547 0.05 qd_soft ~naval [100] 1 1
54 1 20 100 200.0 25.0 1.0 30.515 0.024 -8.819 30.515 -2.547 0.05 qd_soft ~naval [100] 1 1
55 1 30 50 100.0 5.0 0.899 3.083 0.007 0.041 3.532 -3.415 0.05 qd_soft ~naval [50] 1 1
56 1 30 50 100.0 15.0 0.947 3.195 0.007 0.025 3.203 -3.428 0.05 qd_soft ~naval [50] 1 1
57 1 30 50 100.0 25.0 0.952 3.249 0.008 0.007 3.252 -3.422 0.05 qd_soft ~naval [50] 1 1
58 1 30 50 160.0 5.0 0.9 3.088 0.008 -0.012 3.515 -3.377 0.05 qd_soft ~naval [50] 1 1
59 1 30 50 160.0 15.0 0.931 3.195 0.008 0.001 3.377 -3.408 0.05 qd_soft ~naval [50] 1 1
60 1 30 50 160.0 25.0 0.943 3.237 0.008 0.002 3.28 -3.418 0.05 qd_soft ~naval [50] 1 1
61 1 30 50 200.0 5.0 0.911 3.099 0.008 0.007 3.369 -3.388 0.05 qd_soft ~naval [50] 1 1
62 1 30 50 200.0 15.0 0.946 3.209 0.008 0.009 3.222 -3.417 0.05 qd_soft ~naval [50] 1 1
63 1 30 50 200.0 25.0 0.951 3.237 0.008 0.003 3.243 -3.413 0.05 qd_soft ~naval [50] 1 1
64 1 30 75 100.0 5.0 0.913 3.114 0.008 0.014 3.359 -3.403 0.05 qd_soft ~naval [75] 1 1
65 1 30 75 100.0 15.0 0.946 3.207 0.008 0.017 3.218 -3.422 0.05 qd_soft ~naval [75] 1 1
66 1 30 75 100.0 25.0 0.958 3.273 0.008 0.007 3.278 -3.425 0.05 qd_soft ~naval [75] 1 1
67 1 30 75 160.0 5.0 0.918 3.143 0.008 0.011 3.324 -3.406 0.05 qd_soft ~naval [75] 1 1
68 1 30 75 160.0 15.0 0.932 3.202 0.008 -0.005 3.372 -3.402 0.05 qd_soft ~naval [75] 1 1
69 1 30 75 160.0 25.0 0.947 3.263 0.008 -0.001 3.279 -3.411 0.05 qd_soft ~naval [75] 1 1
70 1 30 75 200.0 5.0 0.916 3.121 0.008 0.02 3.332 -3.405 0.05 qd_soft ~naval [75] 1 1
71 1 30 75 200.0 15.0 0.944 3.201 0.008 0.007 3.221 -3.414 0.05 qd_soft ~naval [75] 1 1
72 1 30 75 200.0 25.0 0.943 3.233 0.008 0.006 3.28 -3.416 0.05 qd_soft ~naval [75] 1 1
73 1 30 100 100.0 5.0 0.921 3.125 0.008 0.006 3.278 -3.394 0.05 qd_soft ~naval [100] 1 1
74 1 30 100 100.0 15.0 0.949 3.229 0.008 0.008 3.238 -3.416 0.05 qd_soft ~naval [100] 1 1
75 1 30 100 100.0 25.0 0.951 3.265 0.008 -0.0 3.269 -3.418 0.05 qd_soft ~naval [100] 1 1
76 1 30 100 160.0 5.0 0.915 3.109 0.008 0.011 3.328 -3.401 0.05 qd_soft ~naval [100] 1 1
77 1 30 100 160.0 15.0 1.0 26.306 0.016 -3.434 26.306 -2.459 0.05 qd_soft ~naval [100] 1 1
78 1 30 100 160.0 25.0 1.0 24.472 0.015 -2.727 24.472 -2.502 0.05 qd_soft ~naval [100] 1 1
79 1 30 100 200.0 5.0 1.0 28.635 0.021 -6.783 28.635 -2.576 0.05 qd_soft ~naval [100] 1 1
80 1 30 100 200.0 15.0 0.936 3.223 0.008 -0.001 3.339 -3.406 0.05 qd_soft ~naval [100] 1 1
81 1 30 100 200.0 25.0 0.958 3.255 0.008 0.002 3.258 -3.418 0.05 qd_soft ~naval [100] 1 1
82 2 10 50 100.0 5.0 0.922 3.139 0.007 0.014 3.292 -3.423 0.05 qd_soft ~naval [50] 1 1
83 2 10 50 100.0 15.0 0.948 3.216 0.007 0.001 3.227 -3.431 0.05 qd_soft ~naval [50] 1 1
84 2 10 50 100.0 25.0 0.961 3.271 0.007 0.0 3.278 -3.44 0.05 qd_soft ~naval [50] 1 1
85 2 10 50 160.0 5.0 0.92 3.099 0.007 0.013 3.257 -3.425 0.05 qd_soft ~naval [50] 1 1
86 2 10 50 160.0 15.0 0.965 3.222 0.007 -0.0 3.226 -3.44 0.05 qd_soft ~naval [50] 1 1
87 2 10 50 160.0 25.0 0.956 3.265 0.007 -0.008 3.267 -3.439 0.05 qd_soft ~naval [50] 1 1
88 2 10 50 200.0 5.0 0.915 3.056 0.007 0.003 3.266 -3.412 0.05 qd_soft ~naval [50] 1 1
89 2 10 50 200.0 15.0 0.951 3.232 0.007 -0.003 3.239 -3.434 0.05 qd_soft ~naval [50] 1 1
90 2 10 50 200.0 25.0 0.954 3.242 0.007 0.005 3.245 -3.445 0.05 qd_soft ~naval [50] 1 1
91 2 10 75 100.0 5.0 0.922 3.095 0.007 0.04 3.233 -3.448 0.05 qd_soft ~naval [75] 1 1
92 2 10 75 100.0 15.0 0.947 3.206 0.007 0.009 3.219 -3.434 0.05 qd_soft ~naval [75] 1 1
93 2 10 75 100.0 25.0 0.954 3.245 0.007 0.014 3.249 -3.452 0.05 qd_soft ~naval [75] 1 1
94 2 10 75 160.0 5.0 0.915 3.067 0.007 0.013 3.305 -3.402 0.05 qd_soft ~naval [75] 1 1
95 2 10 75 160.0 15.0 0.946 3.234 0.007 0.019 3.243 -3.454 0.05 qd_soft ~naval [75] 1 1
96 2 10 75 160.0 25.0 0.96 3.269 0.007 -0.001 3.271 -3.443 0.05 qd_soft ~naval [75] 1 1
97 2 10 75 200.0 5.0 0.924 3.1 0.007 0.003 3.224 -3.42 0.05 qd_soft ~naval [75] 1 1
98 2 10 75 200.0 15.0 0.95 3.228 0.007 0.005 3.228 -3.444 0.05 qd_soft ~naval [75] 1 1
99 2 10 75 200.0 25.0 0.952 3.253 0.007 0.004 3.258 -3.442 0.05 qd_soft ~naval [75] 1 1
100 2 10 100 100.0 5.0 0.925 3.104 0.007 0.019 3.218 -3.425 0.05 qd_soft ~naval [100] 1 1
101 2 10 100 100.0 15.0 0.946 3.223 0.007 0.019 3.233 -3.452 0.05 qd_soft ~naval [100] 1 1
102 2 10 100 100.0 25.0 0.96 3.247 0.007 0.005 3.248 -3.447 0.05 qd_soft ~naval [100] 1 1
103 2 10 100 160.0 5.0 0.815 8.123 0.04 -27.317 11.67 -0.677 0.05 qd_soft ~naval [100] 1 1
104 2 10 100 160.0 15.0 0.957 3.23 0.007 0.006 3.233 -3.444 0.05 qd_soft ~naval [100] 1 1
105 2 10 100 160.0 25.0 0.954 3.24 0.007 0.01 3.256 -3.436 0.05 qd_soft ~naval [100] 1 1
106 2 10 100 200.0 5.0 0.956 17.142 0.058 -58.664 17.62 -2.513 0.05 qd_soft ~naval [100] 1 1
107 2 10 100 200.0 15.0 0.992 14.28 0.016 -3.446 14.358 -2.911 0.05 qd_soft ~naval [100] 1 1
108 2 10 100 200.0 25.0 0.956 3.239 0.007 0.007 3.244 -3.445 0.05 qd_soft ~naval [100] 1 1
109 2 20 50 100.0 5.0 0.928 3.119 0.007 0.011 3.205 -3.431 0.05 qd_soft ~naval [50] 1 1
110 2 20 50 100.0 15.0 0.956 3.229 0.007 0.01 3.23 -3.446 0.05 qd_soft ~naval [50] 1 1
111 2 20 50 100.0 25.0 0.957 3.257 0.007 0.009 3.265 -3.443 0.05 qd_soft ~naval [50] 1 1
112 2 20 50 160.0 5.0 0.925 3.109 0.007 -0.002 3.232 -3.408 0.05 qd_soft ~naval [50] 1 1
113 2 20 50 160.0 15.0 0.953 3.237 0.007 -0.002 3.247 -3.43 0.05 qd_soft ~naval [50] 1 1
114 2 20 50 160.0 25.0 0.956 3.253 0.007 -0.003 3.254 -3.441 0.05 qd_soft ~naval [50] 1 1
115 2 20 50 200.0 5.0 0.91 3.072 0.007 -0.006 3.356 -3.397 0.05 qd_soft ~naval [50] 1 1
116 2 20 50 200.0 15.0 0.954 3.219 0.007 -0.001 3.221 -3.44 0.05 qd_soft ~naval [50] 1 1
117 2 20 50 200.0 25.0 0.958 3.274 0.007 -0.001 3.276 -3.445 0.05 qd_soft ~naval [50] 1 1
118 2 20 75 100.0 5.0 0.92 3.099 0.007 0.035 3.262 -3.438 0.05 qd_soft ~naval [75] 1 1
119 2 20 75 100.0 15.0 0.947 3.202 0.007 0.008 3.215 -3.436 0.05 qd_soft ~naval [75] 1 1
120 2 20 75 100.0 25.0 0.967 3.248 0.007 0.001 3.249 -3.445 0.05 qd_soft ~naval [75] 1 1
121 2 20 75 160.0 5.0 0.924 3.123 0.007 0.004 3.243 -3.426 0.05 qd_soft ~naval [75] 1 1
122 2 20 75 160.0 15.0 0.952 3.246 0.007 0.002 3.25 -3.441 0.05 qd_soft ~naval [75] 1 1
123 2 20 75 160.0 25.0 0.959 3.278 0.007 0.001 3.283 -3.446 0.05 qd_soft ~naval [75] 1 1
124 2 20 75 200.0 5.0 0.92 3.119 0.007 0.01 3.281 -3.422 0.05 qd_soft ~naval [75] 1 1
125 2 20 75 200.0 15.0 0.949 3.225 0.007 0.014 3.234 -3.443 0.05 qd_soft ~naval [75] 1 1
126 2 20 75 200.0 25.0 0.949 3.23 0.007 -0.002 3.237 -3.433 0.05 qd_soft ~naval [75] 1 1
127 2 20 100 100.0 5.0 0.922 3.075 0.007 0.037 3.212 -3.442 0.05 qd_soft ~naval [100] 1 1
128 2 20 100 100.0 15.0 0.953 3.221 0.007 0.012 3.221 -3.448 0.05 qd_soft ~naval [100] 1 1
129 2 20 100 100.0 25.0 0.956 3.245 0.007 0.001 3.247 -3.443 0.05 qd_soft ~naval [100] 1 1
130 2 20 100 160.0 5.0 0.922 3.098 0.007 0.005 3.243 -3.412 0.05 qd_soft ~naval [100] 1 1
131 2 20 100 160.0 15.0 0.949 3.204 0.007 0.002 3.208 -3.434 0.05 qd_soft ~naval [100] 1 1
132 2 20 100 160.0 25.0 0.959 3.251 0.007 0.007 3.253 -3.449 0.05 qd_soft ~naval [100] 1 1
133 2 20 100 200.0 5.0 0.921 3.14 0.007 0.013 3.294 -3.428 0.05 qd_soft ~naval [100] 1 1
134 2 20 100 200.0 15.0 0.945 3.205 0.007 0.006 3.225 -3.436 0.05 qd_soft ~naval [100] 1 1
135 2 20 100 200.0 25.0 0.963 3.27 0.007 0.004 3.275 -3.446 0.05 qd_soft ~naval [100] 1 1
136 2 30 50 100.0 5.0 0.914 3.059 0.007 0.051 3.291 -3.448 0.05 qd_soft ~naval [50] 1 1
137 2 30 50 100.0 15.0 0.961 3.228 0.007 -0.002 3.232 -3.438 0.05 qd_soft ~naval [50] 1 1
138 2 30 50 100.0 25.0 0.965 3.228 0.007 0.011 3.23 -3.447 0.05 qd_soft ~naval [50] 1 1
139 2 30 50 160.0 5.0 0.92 3.115 0.007 0.031 3.272 -3.444 0.05 qd_soft ~naval [50] 1 1
140 2 30 50 160.0 15.0 0.951 3.219 0.007 -0.007 3.23 -3.422 0.05 qd_soft ~naval [50] 1 1
141 2 30 50 160.0 25.0 0.968 3.262 0.007 0.005 3.263 -3.448 0.05 qd_soft ~naval [50] 1 1
142 2 30 50 200.0 5.0 0.927 3.109 0.007 0.007 3.207 -3.42 0.05 qd_soft ~naval [50] 1 1
143 2 30 50 200.0 15.0 0.949 3.217 0.007 0.01 3.222 -3.444 0.05 qd_soft ~naval [50] 1 1
144 2 30 50 200.0 25.0 0.954 3.255 0.007 0.008 3.269 -3.438 0.05 qd_soft ~naval [50] 1 1
145 2 30 75 100.0 5.0 0.927 3.123 0.007 0.023 3.216 -3.44 0.05 qd_soft ~naval [75] 1 1
146 2 30 75 100.0 15.0 0.954 3.224 0.007 0.01 3.231 -3.443 0.05 qd_soft ~naval [75] 1 1
147 2 30 75 100.0 25.0 0.956 3.259 0.007 0.009 3.276 -3.438 0.05 qd_soft ~naval [75] 1 1
148 2 30 75 160.0 5.0 0.918 3.115 0.007 0.014 3.302 -3.428 0.05 qd_soft ~naval [75] 1 1
149 2 30 75 160.0 15.0 0.954 3.214 0.007 0.011 3.216 -3.446 0.05 qd_soft ~naval [75] 1 1
150 2 30 75 160.0 25.0 0.962 3.264 0.007 0.007 3.268 -3.448 0.05 qd_soft ~naval [75] 1 1
151 2 30 75 200.0 5.0 0.921 3.131 0.007 0.007 3.288 -3.422 0.05 qd_soft ~naval [75] 1 1
152 2 30 75 200.0 15.0 0.957 3.236 0.007 0.003 3.242 -3.438 0.05 qd_soft ~naval [75] 1 1
153 2 30 75 200.0 25.0 0.956 3.259 0.007 0.006 3.266 -3.444 0.05 qd_soft ~naval [75] 1 1
154 2 30 100 100.0 5.0 0.923 3.108 0.007 0.034 3.237 -3.446 0.05 qd_soft ~naval [100] 1 1
155 2 30 100 100.0 15.0 0.948 3.201 0.007 0.018 3.207 -3.447 0.05 qd_soft ~naval [100] 1 1
156 2 30 100 100.0 25.0 0.956 3.241 0.007 0.004 3.251 -3.437 0.05 qd_soft ~naval [100] 1 1
157 2 30 100 160.0 5.0 0.928 3.131 0.007 0.014 3.243 -3.41 0.05 qd_soft ~naval [100] 1 1
158 2 30 100 160.0 15.0 0.949 3.225 0.007 -0.005 3.231 -3.432 0.05 qd_soft ~naval [100] 1 1
159 2 30 100 160.0 25.0 0.959 3.252 0.007 0.01 3.253 -3.45 0.05 qd_soft ~naval [100] 1 1
160 2 30 100 200.0 5.0 1.0 26.601 0.037 -23.6 26.601 -1.976 0.05 qd_soft ~naval [100] 1 1
161 2 30 100 200.0 15.0 0.951 3.201 0.007 0.008 3.222 -3.423 0.05 qd_soft ~naval [100] 1 1
162 2 30 100 200.0 25.0 0.954 3.229 0.007 -0.011 3.237 -3.425 0.05 qd_soft ~naval [100] 1 1
163 3 10 50 100.0 5.0 0.907 3.072 0.008 0.025 3.393 -3.392 0.05 qd_soft ~naval [50] 1 1
164 3 10 50 100.0 15.0 0.941 3.223 0.008 -0.006 3.278 -3.391 0.05 qd_soft ~naval [50] 1 1
165 3 10 50 100.0 25.0 0.966 3.265 0.008 0.006 3.273 -3.409 0.05 qd_soft ~naval [50] 1 1
166 3 10 50 160.0 5.0 0.92 3.104 0.008 0.019 3.267 -3.392 0.05 qd_soft ~naval [50] 1 1
167 3 10 50 160.0 15.0 0.951 3.22 0.008 0.005 3.227 -3.403 0.05 qd_soft ~naval [50] 1 1
168 3 10 50 160.0 25.0 0.951 3.258 0.008 -0.002 3.265 -3.401 0.05 qd_soft ~naval [50] 1 1
169 3 10 50 200.0 5.0 0.92 3.105 0.008 0.001 3.257 -3.38 0.05 qd_soft ~naval [50] 1 1
170 3 10 50 200.0 15.0 0.949 3.24 0.008 -0.008 3.247 -3.397 0.05 qd_soft ~naval [50] 1 1
171 3 10 50 200.0 25.0 0.962 3.257 0.008 0.005 3.261 -3.409 0.05 qd_soft ~naval [50] 1 1
172 3 10 75 100.0 5.0 0.901 3.057 0.007 0.038 3.47 -3.402 0.05 qd_soft ~naval [75] 1 1
173 3 10 75 100.0 15.0 0.951 3.21 0.008 0.01 3.21 -3.408 0.05 qd_soft ~naval [75] 1 1
174 3 10 75 100.0 25.0 0.964 3.278 0.008 0.005 3.282 -3.415 0.05 qd_soft ~naval [75] 1 1
175 3 10 75 160.0 5.0 0.898 3.064 0.008 0.011 3.543 -3.374 0.05 qd_soft ~naval [75] 1 1
176 3 10 75 160.0 15.0 0.941 3.225 0.008 -0.0 3.267 -3.4 0.05 qd_soft ~naval [75] 1 1
177 3 10 75 160.0 25.0 0.963 3.26 0.008 0.0 3.262 -3.409 0.05 qd_soft ~naval [75] 1 1
178 3 10 75 200.0 5.0 0.894 3.074 0.008 -0.007 3.626 -3.365 0.05 qd_soft ~naval [75] 1 1
179 3 10 75 200.0 15.0 0.942 3.209 0.008 0.009 3.251 -3.402 0.05 qd_soft ~naval [75] 1 1
180 3 10 75 200.0 25.0 0.963 3.242 0.008 -0.001 3.247 -3.402 0.05 qd_soft ~naval [75] 1 1
181 3 10 100 100.0 5.0 0.904 3.074 0.008 0.019 3.449 -3.386 0.05 qd_soft ~naval [100] 1 1
182 3 10 100 100.0 15.0 0.936 3.198 0.008 0.013 3.312 -3.406 0.05 qd_soft ~naval [100] 1 1
183 3 10 100 100.0 25.0 0.946 3.251 0.008 -0.005 3.276 -3.398 0.05 qd_soft ~naval [100] 1 1
184 3 10 100 160.0 5.0 0.898 3.09 0.008 0.017 3.581 -3.377 0.05 qd_soft ~naval [100] 1 1
185 3 10 100 160.0 15.0 0.954 3.222 0.008 0.001 3.227 -3.4 0.05 qd_soft ~naval [100] 1 1
186 3 10 100 160.0 25.0 0.946 3.248 0.008 0.007 3.266 -3.411 0.05 qd_soft ~naval [100] 1 1
187 3 10 100 200.0 5.0 0.938 3.152 0.008 0.014 3.187 -3.394 0.05 qd_soft ~naval [100] 1 1
188 3 10 100 200.0 15.0 0.935 3.205 0.008 -0.01 3.335 -3.386 0.05 qd_soft ~naval [100] 1 1
189 3 10 100 200.0 25.0 0.963 3.261 0.008 0.012 3.267 -3.414 0.05 qd_soft ~naval [100] 1 1
190 3 20 50 100.0 5.0 0.898 3.093 0.008 0.011 3.571 -3.381 0.05 qd_soft ~naval [50] 1 1
191 3 20 50 100.0 15.0 0.949 3.211 0.008 0.019 3.213 -3.415 0.05 qd_soft ~naval [50] 1 1
192 3 20 50 100.0 25.0 0.963 3.255 0.008 0.001 3.261 -3.405 0.05 qd_soft ~naval [50] 1 1
193 3 20 50 160.0 5.0 0.909 3.118 0.008 -0.024 3.442 -3.328 0.05 qd_soft ~naval [50] 1 1
194 3 20 50 160.0 15.0 0.945 3.23 0.008 -0.002 3.248 -3.4 0.05 qd_soft ~naval [50] 1 1
195 3 20 50 160.0 25.0 0.949 3.246 0.008 -0.003 3.254 -3.4 0.05 qd_soft ~naval [50] 1 1
196 3 20 50 200.0 5.0 0.915 3.101 0.008 0.007 3.325 -3.379 0.05 qd_soft ~naval [50] 1 1
197 3 20 50 200.0 15.0 0.948 3.214 0.008 -0.008 3.221 -3.392 0.05 qd_soft ~naval [50] 1 1
198 3 20 50 200.0 25.0 0.943 3.236 0.008 -0.008 3.285 -3.394 0.05 qd_soft ~naval [50] 1 1
199 3 20 75 100.0 5.0 0.92 3.085 0.008 0.033 3.247 -3.402 0.05 qd_soft ~naval [75] 1 1
200 3 20 75 100.0 15.0 0.942 3.211 0.008 0.008 3.246 -3.405 0.05 qd_soft ~naval [75] 1 1
201 3 20 75 100.0 25.0 0.945 3.239 0.008 0.01 3.27 -3.409 0.05 qd_soft ~naval [75] 1 1
202 3 20 75 160.0 5.0 0.919 3.123 0.008 0.014 3.295 -3.394 0.05 qd_soft ~naval [75] 1 1
203 3 20 75 160.0 15.0 0.941 3.221 0.008 0.007 3.271 -3.405 0.05 qd_soft ~naval [75] 1 1
204 3 20 75 160.0 25.0 0.965 3.251 0.008 0.004 3.254 -3.407 0.05 qd_soft ~naval [75] 1 1
205 3 20 75 200.0 5.0 0.934 3.141 0.008 0.011 3.197 -3.392 0.05 qd_soft ~naval [75] 1 1
206 3 20 75 200.0 15.0 0.938 3.209 0.008 -0.001 3.285 -3.399 0.05 qd_soft ~naval [75] 1 1
207 3 20 75 200.0 25.0 0.951 3.239 0.008 0.01 3.245 -3.41 0.05 qd_soft ~naval [75] 1 1
208 3 20 100 100.0 5.0 0.906 3.058 0.008 0.027 3.398 -3.386 0.05 qd_soft ~naval [100] 1 1
209 3 20 100 100.0 15.0 0.932 3.21 0.008 0.001 3.385 -3.395 0.05 qd_soft ~naval [100] 1 1
210 3 20 100 100.0 25.0 0.949 3.235 0.008 0.002 3.24 -3.404 0.05 qd_soft ~naval [100] 1 1
211 3 20 100 160.0 5.0 1.0 22.88 0.008 -0.011 22.88 -2.669 0.05 qd_soft ~naval [100] 1 1
212 3 20 100 160.0 15.0 0.946 3.197 0.008 -0.004 3.21 -3.393 0.05 qd_soft ~naval [100] 1 1
213 3 20 100 160.0 25.0 0.966 3.278 0.008 -0.009 3.279 -3.404 0.05 qd_soft ~naval [100] 1 1
214 3 20 100 200.0 5.0 0.903 3.104 0.008 -0.019 3.506 -3.348 0.05 qd_soft ~naval [100] 1 1
215 3 20 100 200.0 15.0 0.97 13.623 0.025 -9.791 13.937 -2.789 0.05 qd_soft ~naval [100] 1 1
216 3 20 100 200.0 25.0 0.959 3.265 0.008 0.003 3.273 -3.408 0.05 qd_soft ~naval [100] 1 1
217 3 30 50 100.0 5.0 0.91 3.069 0.007 0.04 3.356 -3.403 0.05 qd_soft ~naval [50] 1 1
218 3 30 50 100.0 15.0 0.941 3.21 0.008 0.015 3.251 -3.411 0.05 qd_soft ~naval [50] 1 1
219 3 30 50 100.0 25.0 0.962 3.272 0.008 0.002 3.278 -3.408 0.05 qd_soft ~naval [50] 1 1
220 3 30 50 160.0 5.0 0.911 3.091 0.008 0.007 3.365 -3.375 0.05 qd_soft ~naval [50] 1 1
221 3 30 50 160.0 15.0 0.938 3.21 0.008 -0.013 3.296 -3.383 0.05 qd_soft ~naval [50] 1 1
222 3 30 50 160.0 25.0 0.95 3.257 0.008 -0.006 3.272 -3.391 0.05 qd_soft ~naval [50] 1 1
223 3 30 50 200.0 5.0 0.923 3.125 0.008 0.003 3.253 -3.386 0.05 qd_soft ~naval [50] 1 1
224 3 30 50 200.0 15.0 0.931 3.217 0.008 -0.003 3.413 -3.388 0.05 qd_soft ~naval [50] 1 1
225 3 30 50 200.0 25.0 0.95 3.254 0.008 0.005 3.262 -3.406 0.05 qd_soft ~naval [50] 1 1
226 3 30 75 100.0 5.0 0.9 3.085 0.008 0.029 3.534 -3.384 0.05 qd_soft ~naval [75] 1 1
227 3 30 75 100.0 15.0 0.951 3.22 0.008 0.007 3.227 -3.405 0.05 qd_soft ~naval [75] 1 1
228 3 30 75 100.0 25.0 0.962 3.251 0.008 0.012 3.255 -3.413 0.05 qd_soft ~naval [75] 1 1
229 3 30 75 160.0 5.0 0.925 3.105 0.008 0.015 3.228 -3.387 0.05 qd_soft ~naval [75] 1 1
230 3 30 75 160.0 15.0 0.949 3.238 0.008 0.012 3.252 -3.404 0.05 qd_soft ~naval [75] 1 1
231 3 30 75 160.0 25.0 0.946 3.24 0.008 0.008 3.256 -3.41 0.05 qd_soft ~naval [75] 1 1
232 3 30 75 200.0 5.0 0.59 8.013 0.042 -29.575 27.906 -0.718 0.05 qd_soft ~naval [75] 1 1
233 3 30 75 200.0 15.0 0.947 3.209 0.008 0.016 3.224 -3.404 0.05 qd_soft ~naval [75] 1 1
234 3 30 75 200.0 25.0 0.945 3.218 0.008 0.01 3.253 -3.402 0.05 qd_soft ~naval [75] 1 1
235 3 30 100 100.0 5.0 0.904 3.071 0.008 0.022 3.445 -3.389 0.05 qd_soft ~naval [100] 1 1
236 3 30 100 100.0 15.0 0.946 3.216 0.008 0.008 3.232 -3.405 0.05 qd_soft ~naval [100] 1 1
237 3 30 100 100.0 25.0 0.965 3.273 0.008 0.001 3.278 -3.409 0.05 qd_soft ~naval [100] 1 1
238 3 30 100 160.0 5.0 1.0 40.048 0.056 -52.762 40.048 -1.549 0.05 qd_soft ~naval [100] 1 1
239 3 30 100 160.0 15.0 0.951 3.201 0.008 0.01 3.209 -3.4 0.05 qd_soft ~naval [100] 1 1
240 3 30 100 160.0 25.0 0.961 3.252 0.008 0.008 3.258 -3.411 0.05 qd_soft ~naval [100] 1 1
241 3 30 100 200.0 5.0 0.966 13.771 0.037 -22.922 14.062 -2.487 0.05 qd_soft ~naval [100] 1 1
242 3 30 100 200.0 15.0 0.966 3.244 0.008 0.002 3.248 -3.406 0.05 qd_soft ~naval [100] 1 1
243 3 30 100 200.0 25.0 0.945 3.236 0.008 0.004 3.275 -3.397 0.05 qd_soft ~naval [100] 1 1
