EXP split_seed random_seed neurons soft lambda_in PICP_test MPIW_test RMSE R2 qd_loss NLL alpha loss data h_size bstraps ensemb
1 1 10 50 100.0 5.0 0.935 0.797 4.217 0.941 0.832 2.891 0.05 qd_soft ~power [50] 1 1
2 1 10 50 100.0 15.0 0.955 0.87 4.255 0.94 0.871 2.874 0.05 qd_soft ~power [50] 1 1
3 1 10 50 100.0 25.0 0.957 0.903 4.27 0.939 0.903 2.865 0.05 qd_soft ~power [50] 1 1
4 1 10 50 160.0 5.0 0.935 0.805 4.219 0.941 0.84 2.891 0.05 qd_soft ~power [50] 1 1
5 1 10 50 160.0 15.0 0.954 0.872 4.252 0.94 0.873 2.878 0.05 qd_soft ~power [50] 1 1
6 1 10 50 160.0 25.0 0.957 0.901 4.287 0.939 0.902 2.876 0.05 qd_soft ~power [50] 1 1
7 1 10 50 200.0 5.0 0.934 0.799 4.217 0.941 0.839 2.898 0.05 qd_soft ~power [50] 1 1
8 1 10 50 200.0 15.0 0.953 0.872 4.245 0.94 0.874 2.877 0.05 qd_soft ~power [50] 1 1
9 1 10 50 200.0 25.0 0.96 0.893 4.259 0.94 0.894 2.866 0.05 qd_soft ~power [50] 1 1
10 1 10 75 100.0 5.0 0.939 0.795 4.206 0.941 0.813 2.891 0.05 qd_soft ~power [75] 1 1
11 1 10 75 100.0 15.0 0.95 0.866 4.232 0.94 0.868 2.87 0.05 qd_soft ~power [75] 1 1
12 1 10 75 100.0 25.0 0.956 0.893 4.237 0.94 0.893 2.861 0.05 qd_soft ~power [75] 1 1
13 1 10 75 160.0 5.0 0.931 0.798 4.223 0.941 0.857 2.899 0.05 qd_soft ~power [75] 1 1
14 1 10 75 160.0 15.0 0.953 0.866 4.248 0.94 0.868 2.874 0.05 qd_soft ~power [75] 1 1
15 1 10 75 160.0 25.0 0.955 0.909 4.289 0.939 0.911 2.87 0.05 qd_soft ~power [75] 1 1
16 1 10 75 200.0 5.0 0.939 0.801 4.195 0.941 0.82 2.882 0.05 qd_soft ~power [75] 1 1
17 1 10 75 200.0 15.0 0.952 0.859 4.232 0.94 0.86 2.875 0.05 qd_soft ~power [75] 1 1
18 1 10 75 200.0 25.0 0.956 0.901 4.26 0.94 0.901 2.86 0.05 qd_soft ~power [75] 1 1
19 1 10 100 100.0 5.0 0.936 0.792 4.206 0.941 0.823 2.895 0.05 qd_soft ~power [100] 1 1
20 1 10 100 100.0 15.0 0.95 0.86 4.222 0.941 0.861 2.869 0.05 qd_soft ~power [100] 1 1
21 1 10 100 100.0 25.0 0.955 0.884 4.239 0.94 0.886 2.862 0.05 qd_soft ~power [100] 1 1
22 1 10 100 160.0 5.0 0.933 0.793 4.2 0.941 0.838 2.893 0.05 qd_soft ~power [100] 1 1
23 1 10 100 160.0 15.0 0.954 0.868 4.238 0.94 0.87 2.869 0.05 qd_soft ~power [100] 1 1
24 1 10 100 160.0 25.0 0.959 0.88 4.224 0.941 0.88 2.864 0.05 qd_soft ~power [100] 1 1
25 1 10 100 200.0 5.0 0.933 0.797 4.206 0.941 0.843 2.889 0.05 qd_soft ~power [100] 1 1
26 1 10 100 200.0 15.0 0.953 0.874 4.209 0.941 0.874 2.854 0.05 qd_soft ~power [100] 1 1
27 1 10 100 200.0 25.0 0.956 0.892 4.27 0.939 0.894 2.876 0.05 qd_soft ~power [100] 1 1
28 1 20 50 100.0 5.0 0.93 0.801 4.188 0.942 0.865 2.88 0.05 qd_soft ~power [50] 1 1
29 1 20 50 100.0 15.0 0.954 0.869 4.248 0.94 0.869 2.867 0.05 qd_soft ~power [50] 1 1
30 1 20 50 100.0 25.0 0.959 0.89 4.275 0.939 0.891 2.873 0.05 qd_soft ~power [50] 1 1
31 1 20 50 160.0 5.0 0.935 0.804 4.242 0.94 0.84 2.9 0.05 qd_soft ~power [50] 1 1
32 1 20 50 160.0 15.0 0.954 0.869 4.258 0.94 0.871 2.873 0.05 qd_soft ~power [50] 1 1
33 1 20 50 160.0 25.0 0.955 0.906 4.271 0.939 0.905 2.86 0.05 qd_soft ~power [50] 1 1
34 1 20 50 200.0 5.0 0.931 0.806 4.252 0.94 0.865 2.902 0.05 qd_soft ~power [50] 1 1
35 1 20 50 200.0 15.0 0.949 0.875 4.265 0.94 0.878 2.878 0.05 qd_soft ~power [50] 1 1
36 1 20 50 200.0 25.0 0.954 0.914 4.31 0.938 0.916 2.888 0.05 qd_soft ~power [50] 1 1
37 1 20 75 100.0 5.0 0.935 0.796 4.222 0.941 0.832 2.905 0.05 qd_soft ~power [75] 1 1
38 1 20 75 100.0 15.0 0.955 0.863 4.239 0.94 0.865 2.867 0.05 qd_soft ~power [75] 1 1
39 1 20 75 100.0 25.0 0.958 0.889 4.233 0.94 0.89 2.861 0.05 qd_soft ~power [75] 1 1
40 1 20 75 160.0 5.0 0.932 0.796 4.209 0.941 0.846 2.885 0.05 qd_soft ~power [75] 1 1
41 1 20 75 160.0 15.0 0.955 0.866 4.239 0.94 0.866 2.858 0.05 qd_soft ~power [75] 1 1
42 1 20 75 160.0 25.0 0.95 0.891 4.268 0.939 0.892 2.87 0.05 qd_soft ~power [75] 1 1
43 1 20 75 200.0 5.0 0.937 0.807 4.231 0.94 0.834 2.898 0.05 qd_soft ~power [75] 1 1
44 1 20 75 200.0 15.0 0.953 0.869 4.256 0.94 0.87 2.866 0.05 qd_soft ~power [75] 1 1
45 1 20 75 200.0 25.0 0.954 0.917 4.261 0.94 0.918 2.869 0.05 qd_soft ~power [75] 1 1
46 1 20 100 100.0 5.0 0.939 0.8 4.204 0.941 0.819 2.884 0.05 qd_soft ~power [100] 1 1
47 1 20 100 100.0 15.0 0.956 0.861 4.223 0.941 0.861 2.867 0.05 qd_soft ~power [100] 1 1
48 1 20 100 100.0 25.0 0.961 0.883 4.215 0.941 0.884 2.859 0.05 qd_soft ~power [100] 1 1
49 1 20 100 160.0 5.0 0.937 0.802 4.205 0.941 0.828 2.884 0.05 qd_soft ~power [100] 1 1
50 1 20 100 160.0 15.0 0.956 0.867 4.267 0.939 0.867 2.868 0.05 qd_soft ~power [100] 1 1
51 1 20 100 160.0 25.0 0.957 0.898 4.249 0.94 0.898 2.849 0.05 qd_soft ~power [100] 1 1
52 1 20 100 200.0 5.0 0.935 0.795 4.223 0.941 0.83 2.894 0.05 qd_soft ~power [100] 1 1
53 1 20 100 200.0 15.0 0.95 0.862 4.282 0.939 0.863 2.882 0.05 qd_soft ~power [100] 1 1
54 1 20 100 200.0 25.0 0.954 0.925 4.215 0.941 0.927 2.849 0.05 qd_soft ~power [100] 1 1
55 1 30 50 100.0 5.0 0.939 0.803 4.218 0.941 0.822 2.895 0.05 qd_soft ~power [50] 1 1
56 1 30 50 100.0 15.0 0.958 0.86 4.237 0.94 0.861 2.88 0.05 qd_soft ~power [50] 1 1
57 1 30 50 100.0 25.0 0.96 0.902 4.241 0.94 0.903 2.868 0.05 qd_soft ~power [50] 1 1
58 1 30 50 160.0 5.0 0.935 0.803 4.24 0.94 0.838 2.904 0.05 qd_soft ~power [50] 1 1
59 1 30 50 160.0 15.0 0.949 0.88 4.279 0.939 0.882 2.884 0.05 qd_soft ~power [50] 1 1
60 1 30 50 160.0 25.0 0.962 0.898 4.297 0.939 0.9 2.875 0.05 qd_soft ~power [50] 1 1
61 1 30 50 200.0 5.0 0.933 0.82 4.296 0.939 0.866 2.911 0.05 qd_soft ~power [50] 1 1
62 1 30 50 200.0 15.0 0.956 0.884 4.308 0.938 0.885 2.893 0.05 qd_soft ~power [50] 1 1
63 1 30 50 200.0 25.0 0.959 0.899 4.225 0.941 0.9 2.859 0.05 qd_soft ~power [50] 1 1
64 1 30 75 100.0 5.0 0.931 0.798 4.23 0.941 0.855 2.895 0.05 qd_soft ~power [75] 1 1
65 1 30 75 100.0 15.0 0.954 0.861 4.236 0.94 0.862 2.868 0.05 qd_soft ~power [75] 1 1
66 1 30 75 100.0 25.0 0.954 0.898 4.286 0.939 0.9 2.877 0.05 qd_soft ~power [75] 1 1
67 1 30 75 160.0 5.0 0.936 0.797 4.21 0.941 0.828 2.896 0.05 qd_soft ~power [75] 1 1
68 1 30 75 160.0 15.0 0.953 0.869 4.262 0.94 0.87 2.881 0.05 qd_soft ~power [75] 1 1
69 1 30 75 160.0 25.0 0.956 0.903 4.236 0.94 0.904 2.866 0.05 qd_soft ~power [75] 1 1
70 1 30 75 200.0 5.0 0.935 0.793 4.244 0.94 0.83 2.927 0.05 qd_soft ~power [75] 1 1
71 1 30 75 200.0 15.0 0.948 0.856 4.225 0.941 0.861 2.878 0.05 qd_soft ~power [75] 1 1
72 1 30 75 200.0 25.0 0.957 0.911 4.287 0.939 0.912 2.877 0.05 qd_soft ~power [75] 1 1
73 1 30 100 100.0 5.0 0.93 0.792 4.201 0.941 0.856 2.893 0.05 qd_soft ~power [100] 1 1
74 1 30 100 100.0 15.0 0.955 0.867 4.261 0.94 0.868 2.878 0.05 qd_soft ~power [100] 1 1
75 1 30 100 100.0 25.0 0.961 0.88 4.279 0.939 0.881 2.877 0.05 qd_soft ~power [100] 1 1
76 1 30 100 160.0 5.0 0.935 0.801 4.262 0.94 0.837 2.908 0.05 qd_soft ~power [100] 1 1
77 1 30 100 160.0 15.0 0.954 0.863 4.256 0.94 0.864 2.874 0.05 qd_soft ~power [100] 1 1
78 1 30 100 160.0 25.0 0.96 0.906 4.26 0.94 0.907 2.862 0.05 qd_soft ~power [100] 1 1
79 1 30 100 200.0 5.0 0.937 0.798 4.221 0.941 0.824 2.887 0.05 qd_soft ~power [100] 1 1
80 1 30 100 200.0 15.0 0.951 0.862 4.223 0.941 0.862 2.864 0.05 qd_soft ~power [100] 1 1
81 1 30 100 200.0 25.0 0.956 0.894 4.269 0.939 0.894 2.868 0.05 qd_soft ~power [100] 1 1
82 2 10 50 100.0 5.0 0.929 0.788 4.058 0.943 0.858 2.847 0.05 qd_soft ~power [50] 1 1
83 2 10 50 100.0 15.0 0.954 0.856 4.078 0.943 0.857 2.822 0.05 qd_soft ~power [50] 1 1
84 2 10 50 100.0 25.0 0.96 0.886 4.044 0.944 0.887 2.809 0.05 qd_soft ~power [50] 1 1
85 2 10 50 160.0 5.0 0.922 0.785 4.086 0.943 0.913 2.864 0.05 qd_soft ~power [50] 1 1
86 2 10 50 160.0 15.0 0.949 0.866 4.101 0.942 0.868 2.834 0.05 qd_soft ~power [50] 1 1
87 2 10 50 160.0 25.0 0.954 0.896 4.103 0.942 0.896 2.826 0.05 qd_soft ~power [50] 1 1
88 2 10 50 200.0 5.0 0.927 0.796 4.054 0.943 0.88 2.836 0.05 qd_soft ~power [50] 1 1
89 2 10 50 200.0 15.0 0.949 0.875 4.085 0.943 0.877 2.828 0.05 qd_soft ~power [50] 1 1
90 2 10 50 200.0 25.0 0.96 0.895 4.055 0.943 0.896 2.812 0.05 qd_soft ~power [50] 1 1
91 2 10 75 100.0 5.0 0.927 0.786 4.076 0.943 0.872 2.858 0.05 qd_soft ~power [75] 1 1
92 2 10 75 100.0 15.0 0.952 0.853 4.054 0.943 0.854 2.818 0.05 qd_soft ~power [75] 1 1
93 2 10 75 100.0 25.0 0.958 0.885 4.064 0.943 0.886 2.818 0.05 qd_soft ~power [75] 1 1
94 2 10 75 160.0 5.0 0.926 0.788 4.067 0.943 0.88 2.846 0.05 qd_soft ~power [75] 1 1
95 2 10 75 160.0 15.0 0.951 0.857 4.05 0.944 0.857 2.813 0.05 qd_soft ~power [75] 1 1
96 2 10 75 160.0 25.0 0.96 0.907 4.101 0.942 0.909 2.827 0.05 qd_soft ~power [75] 1 1
97 2 10 75 200.0 5.0 0.926 0.78 4.06 0.943 0.873 2.855 0.05 qd_soft ~power [75] 1 1
98 2 10 75 200.0 15.0 0.945 0.864 4.061 0.943 0.879 2.827 0.05 qd_soft ~power [75] 1 1
99 2 10 75 200.0 25.0 0.949 0.892 4.087 0.942 0.897 2.849 0.05 qd_soft ~power [75] 1 1
100 2 10 100 100.0 5.0 0.923 0.78 4.063 0.943 0.896 2.847 0.05 qd_soft ~power [100] 1 1
101 2 10 100 100.0 15.0 0.95 0.86 4.099 0.942 0.861 2.826 0.05 qd_soft ~power [100] 1 1
102 2 10 100 100.0 25.0 0.958 0.888 4.095 0.942 0.889 2.823 0.05 qd_soft ~power [100] 1 1
103 2 10 100 160.0 5.0 0.926 0.788 4.093 0.942 0.879 2.857 0.05 qd_soft ~power [100] 1 1
104 2 10 100 160.0 15.0 0.947 0.858 4.097 0.942 0.864 2.828 0.05 qd_soft ~power [100] 1 1
105 2 10 100 160.0 25.0 0.954 0.906 4.137 0.941 0.908 2.842 0.05 qd_soft ~power [100] 1 1
106 2 10 100 200.0 5.0 0.921 0.788 4.075 0.943 0.924 2.864 0.05 qd_soft ~power [100] 1 1
107 2 10 100 200.0 15.0 0.945 0.856 4.095 0.942 0.871 2.83 0.05 qd_soft ~power [100] 1 1
108 2 10 100 200.0 25.0 0.957 0.901 4.127 0.941 0.902 2.834 0.05 qd_soft ~power [100] 1 1
109 2 20 50 100.0 5.0 0.935 0.793 4.045 0.944 0.828 2.833 0.05 qd_soft ~power [50] 1 1
110 2 20 50 100.0 15.0 0.957 0.86 4.061 0.943 0.861 2.818 0.05 qd_soft ~power [50] 1 1
111 2 20 50 100.0 25.0 0.959 0.894 4.099 0.942 0.895 2.817 0.05 qd_soft ~power [50] 1 1
112 2 20 50 160.0 5.0 0.928 0.794 4.079 0.943 0.871 2.849 0.05 qd_soft ~power [50] 1 1
113 2 20 50 160.0 15.0 0.954 0.863 4.079 0.943 0.864 2.821 0.05 qd_soft ~power [50] 1 1
114 2 20 50 160.0 25.0 0.956 0.893 4.115 0.942 0.894 2.824 0.05 qd_soft ~power [50] 1 1
115 2 20 50 200.0 5.0 0.933 0.798 4.06 0.943 0.843 2.836 0.05 qd_soft ~power [50] 1 1
116 2 20 50 200.0 15.0 0.956 0.876 4.074 0.943 0.877 2.822 0.05 qd_soft ~power [50] 1 1
117 2 20 50 200.0 25.0 0.958 0.891 4.085 0.943 0.892 2.823 0.05 qd_soft ~power [50] 1 1
118 2 20 75 100.0 5.0 0.928 0.79 4.067 0.943 0.868 2.853 0.05 qd_soft ~power [75] 1 1
119 2 20 75 100.0 15.0 0.953 0.853 4.049 0.944 0.854 2.82 0.05 qd_soft ~power [75] 1 1
120 2 20 75 100.0 25.0 0.959 0.887 4.072 0.943 0.888 2.825 0.05 qd_soft ~power [75] 1 1
121 2 20 75 160.0 5.0 0.925 0.795 4.089 0.942 0.897 2.863 0.05 qd_soft ~power [75] 1 1
122 2 20 75 160.0 15.0 0.957 0.861 4.111 0.942 0.862 2.83 0.05 qd_soft ~power [75] 1 1
123 2 20 75 160.0 25.0 0.958 0.89 4.078 0.943 0.892 2.826 0.05 qd_soft ~power [75] 1 1
124 2 20 75 200.0 5.0 0.925 0.79 4.062 0.943 0.891 2.843 0.05 qd_soft ~power [75] 1 1
125 2 20 75 200.0 15.0 0.954 0.871 4.114 0.942 0.872 2.831 0.05 qd_soft ~power [75] 1 1
126 2 20 75 200.0 25.0 0.955 0.896 4.085 0.943 0.896 2.823 0.05 qd_soft ~power [75] 1 1
127 2 20 100 100.0 5.0 0.925 0.785 4.041 0.944 0.886 2.845 0.05 qd_soft ~power [100] 1 1
128 2 20 100 100.0 15.0 0.952 0.856 4.059 0.943 0.857 2.82 0.05 qd_soft ~power [100] 1 1
129 2 20 100 100.0 25.0 0.954 0.884 4.052 0.943 0.885 2.814 0.05 qd_soft ~power [100] 1 1
130 2 20 100 160.0 5.0 0.92 0.787 4.071 0.943 0.933 2.858 0.05 qd_soft ~power [100] 1 1
131 2 20 100 160.0 15.0 0.946 0.86 4.052 0.943 0.871 2.827 0.05 qd_soft ~power [100] 1 1
132 2 20 100 160.0 25.0 0.955 0.89 4.067 0.943 0.891 2.82 0.05 qd_soft ~power [100] 1 1
133 2 20 100 200.0 5.0 0.94 0.796 4.06 0.943 0.811 2.839 0.05 qd_soft ~power [100] 1 1
134 2 20 100 200.0 15.0 0.95 0.853 4.071 0.943 0.854 2.825 0.05 qd_soft ~power [100] 1 1
135 2 20 100 200.0 25.0 0.953 0.908 4.089 0.942 0.909 2.816 0.05 qd_soft ~power [100] 1 1
136 2 30 50 100.0 5.0 0.93 0.789 4.064 0.943 0.851 2.842 0.05 qd_soft ~power [50] 1 1
137 2 30 50 100.0 15.0 0.952 0.865 4.06 0.943 0.866 2.822 0.05 qd_soft ~power [50] 1 1
138 2 30 50 100.0 25.0 0.956 0.886 4.076 0.943 0.886 2.819 0.05 qd_soft ~power [50] 1 1
139 2 30 50 160.0 5.0 0.927 0.795 4.067 0.943 0.88 2.844 0.05 qd_soft ~power [50] 1 1
140 2 30 50 160.0 15.0 0.949 0.875 4.08 0.943 0.876 2.827 0.05 qd_soft ~power [50] 1 1
141 2 30 50 160.0 25.0 0.956 0.892 4.049 0.944 0.892 2.81 0.05 qd_soft ~power [50] 1 1
142 2 30 50 200.0 5.0 0.927 0.792 4.051 0.943 0.877 2.842 0.05 qd_soft ~power [50] 1 1
143 2 30 50 200.0 15.0 0.955 0.866 4.083 0.943 0.867 2.83 0.05 qd_soft ~power [50] 1 1
144 2 30 50 200.0 25.0 0.963 0.914 4.143 0.941 0.914 2.827 0.05 qd_soft ~power [50] 1 1
145 2 30 75 100.0 5.0 0.924 0.783 4.037 0.944 0.891 2.843 0.05 qd_soft ~power [75] 1 1
146 2 30 75 100.0 15.0 0.949 0.856 4.068 0.943 0.859 2.837 0.05 qd_soft ~power [75] 1 1
147 2 30 75 100.0 25.0 0.96 0.888 4.089 0.942 0.889 2.824 0.05 qd_soft ~power [75] 1 1
148 2 30 75 160.0 5.0 0.924 0.788 4.067 0.943 0.897 2.853 0.05 qd_soft ~power [75] 1 1
149 2 30 75 160.0 15.0 0.945 0.858 4.089 0.942 0.872 2.828 0.05 qd_soft ~power [75] 1 1
150 2 30 75 160.0 25.0 0.952 0.889 4.065 0.943 0.892 2.824 0.05 qd_soft ~power [75] 1 1
151 2 30 75 200.0 5.0 0.927 0.785 4.05 0.943 0.871 2.85 0.05 qd_soft ~power [75] 1 1
152 2 30 75 200.0 15.0 0.954 0.87 4.061 0.943 0.87 2.821 0.05 qd_soft ~power [75] 1 1
153 2 30 75 200.0 25.0 0.95 0.89 4.082 0.943 0.892 2.835 0.05 qd_soft ~power [75] 1 1
154 2 30 100 100.0 5.0 0.929 0.789 4.046 0.944 0.86 2.841 0.05 qd_soft ~power [100] 1 1
155 2 30 100 100.0 15.0 0.95 0.858 4.072 0.943 0.86 2.827 0.05 qd_soft ~power [100] 1 1
156 2 30 100 100.0 25.0 0.956 0.878 4.067 0.943 0.88 2.82 0.05 qd_soft ~power [100] 1 1
157 2 30 100 160.0 5.0 0.938 0.784 4.056 0.943 0.806 2.845 0.05 qd_soft ~power [100] 1 1
158 2 30 100 160.0 15.0 0.948 0.86 4.095 0.942 0.864 2.836 0.05 qd_soft ~power [100] 1 1
159 2 30 100 160.0 25.0 0.953 0.884 4.091 0.942 0.885 2.823 0.05 qd_soft ~power [100] 1 1
160 2 30 100 200.0 5.0 0.928 0.788 4.075 0.943 0.866 2.853 0.05 qd_soft ~power [100] 1 1
161 2 30 100 200.0 15.0 0.947 0.863 4.087 0.942 0.87 2.861 0.05 qd_soft ~power [100] 1 1
162 2 30 100 200.0 25.0 0.958 0.905 4.124 0.941 0.906 2.828 0.05 qd_soft ~power [100] 1 1
163 3 10 50 100.0 5.0 0.943 0.794 4.028 0.944 0.804 2.828 0.05 qd_soft ~power [50] 1 1
164 3 10 50 100.0 15.0 0.961 0.858 4.027 0.944 0.858 2.806 0.05 qd_soft ~power [50] 1 1
165 3 10 50 100.0 25.0 0.969 0.897 4.044 0.943 0.897 2.81 0.05 qd_soft ~power [50] 1 1
166 3 10 50 160.0 5.0 0.934 0.784 4.03 0.944 0.824 2.849 0.05 qd_soft ~power [50] 1 1
167 3 10 50 160.0 15.0 0.963 0.862 4.047 0.943 0.862 2.814 0.05 qd_soft ~power [50] 1 1
168 3 10 50 160.0 25.0 0.967 0.936 4.084 0.942 0.937 2.816 0.05 qd_soft ~power [50] 1 1
169 3 10 50 200.0 5.0 0.938 0.782 4.008 0.944 0.804 2.835 0.05 qd_soft ~power [50] 1 1
170 3 10 50 200.0 15.0 0.968 0.874 4.023 0.944 0.874 2.804 0.05 qd_soft ~power [50] 1 1
171 3 10 50 200.0 25.0 0.961 0.907 4.134 0.941 0.908 2.826 0.05 qd_soft ~power [50] 1 1
172 3 10 75 100.0 5.0 0.936 0.782 4.018 0.944 0.813 2.845 0.05 qd_soft ~power [75] 1 1
173 3 10 75 100.0 15.0 0.958 0.857 4.039 0.944 0.857 2.816 0.05 qd_soft ~power [75] 1 1
174 3 10 75 100.0 25.0 0.967 0.879 4.047 0.943 0.88 2.821 0.05 qd_soft ~power [75] 1 1
175 3 10 75 160.0 5.0 0.933 0.78 4.021 0.944 0.824 2.836 0.05 qd_soft ~power [75] 1 1
176 3 10 75 160.0 15.0 0.956 0.859 4.075 0.943 0.86 2.828 0.05 qd_soft ~power [75] 1 1
177 3 10 75 160.0 25.0 0.961 0.882 4.09 0.942 0.883 2.829 0.05 qd_soft ~power [75] 1 1
178 3 10 75 200.0 5.0 0.933 0.785 4.038 0.944 0.829 2.846 0.05 qd_soft ~power [75] 1 1
179 3 10 75 200.0 15.0 0.952 0.863 4.064 0.943 0.864 2.824 0.05 qd_soft ~power [75] 1 1
180 3 10 75 200.0 25.0 0.966 0.891 4.064 0.943 0.893 2.818 0.05 qd_soft ~power [75] 1 1
181 3 10 100 100.0 5.0 0.938 0.787 4.014 0.944 0.809 2.846 0.05 qd_soft ~power [100] 1 1
182 3 10 100 100.0 15.0 0.957 0.852 4.097 0.942 0.852 2.831 0.05 qd_soft ~power [100] 1 1
183 3 10 100 100.0 25.0 0.966 0.888 4.103 0.942 0.889 2.827 0.05 qd_soft ~power [100] 1 1
184 3 10 100 160.0 5.0 0.932 0.784 4.033 0.944 0.835 2.851 0.05 qd_soft ~power [100] 1 1
185 3 10 100 160.0 15.0 0.961 0.857 4.044 0.943 0.858 2.826 0.05 qd_soft ~power [100] 1 1
186 3 10 100 160.0 25.0 0.967 0.887 4.048 0.943 0.888 2.815 0.05 qd_soft ~power [100] 1 1
187 3 10 100 200.0 5.0 0.936 0.782 4.023 0.944 0.813 2.842 0.05 qd_soft ~power [100] 1 1
188 3 10 100 200.0 15.0 0.959 0.854 4.046 0.943 0.855 2.813 0.05 qd_soft ~power [100] 1 1
189 3 10 100 200.0 25.0 0.963 0.899 4.06 0.943 0.899 2.81 0.05 qd_soft ~power [100] 1 1
190 3 20 50 100.0 5.0 0.935 0.788 4.025 0.944 0.822 2.851 0.05 qd_soft ~power [50] 1 1
191 3 20 50 100.0 15.0 0.968 0.869 4.057 0.943 0.869 2.816 0.05 qd_soft ~power [50] 1 1
192 3 20 50 100.0 25.0 0.962 0.891 4.071 0.943 0.891 2.812 0.05 qd_soft ~power [50] 1 1
193 3 20 50 160.0 5.0 0.949 0.801 4.023 0.944 0.802 2.829 0.05 qd_soft ~power [50] 1 1
194 3 20 50 160.0 15.0 0.958 0.858 4.052 0.943 0.859 2.821 0.05 qd_soft ~power [50] 1 1
195 3 20 50 160.0 25.0 0.966 0.908 4.103 0.942 0.909 2.827 0.05 qd_soft ~power [50] 1 1
196 3 20 50 200.0 5.0 0.943 0.795 4.011 0.944 0.807 2.844 0.05 qd_soft ~power [50] 1 1
197 3 20 50 200.0 15.0 0.957 0.883 4.082 0.942 0.886 2.826 0.05 qd_soft ~power [50] 1 1
198 3 20 50 200.0 25.0 0.964 0.898 4.071 0.943 0.899 2.818 0.05 qd_soft ~power [50] 1 1
199 3 20 75 100.0 5.0 0.938 0.78 4.01 0.944 0.802 2.84 0.05 qd_soft ~power [75] 1 1
200 3 20 75 100.0 15.0 0.964 0.854 4.048 0.943 0.855 2.819 0.05 qd_soft ~power [75] 1 1
201 3 20 75 100.0 25.0 0.968 0.89 4.061 0.943 0.89 2.818 0.05 qd_soft ~power [75] 1 1
202 3 20 75 160.0 5.0 0.936 0.786 3.987 0.945 0.817 2.824 0.05 qd_soft ~power [75] 1 1
203 3 20 75 160.0 15.0 0.954 0.847 4.054 0.943 0.849 2.828 0.05 qd_soft ~power [75] 1 1
204 3 20 75 160.0 25.0 0.961 0.923 4.031 0.944 0.925 2.803 0.05 qd_soft ~power [75] 1 1
205 3 20 75 200.0 5.0 0.93 0.781 4.029 0.944 0.843 2.839 0.05 qd_soft ~power [75] 1 1
206 3 20 75 200.0 15.0 0.963 0.874 4.049 0.943 0.875 2.813 0.05 qd_soft ~power [75] 1 1
207 3 20 75 200.0 25.0 0.964 0.895 4.068 0.943 0.896 2.815 0.05 qd_soft ~power [75] 1 1
208 3 20 100 100.0 5.0 0.941 0.787 4.011 0.944 0.8 2.84 0.05 qd_soft ~power [100] 1 1
209 3 20 100 100.0 15.0 0.959 0.848 4.05 0.943 0.848 2.817 0.05 qd_soft ~power [100] 1 1
210 3 20 100 100.0 25.0 0.962 0.881 4.032 0.944 0.882 2.813 0.05 qd_soft ~power [100] 1 1
211 3 20 100 160.0 5.0 0.935 0.786 4.028 0.944 0.82 2.839 0.05 qd_soft ~power [100] 1 1
212 3 20 100 160.0 15.0 0.959 0.852 4.037 0.944 0.852 2.804 0.05 qd_soft ~power [100] 1 1
213 3 20 100 160.0 25.0 0.963 0.88 4.084 0.942 0.88 2.815 0.05 qd_soft ~power [100] 1 1
214 3 20 100 200.0 5.0 0.943 0.788 4.011 0.944 0.799 2.846 0.05 qd_soft ~power [100] 1 1
215 3 20 100 200.0 15.0 0.962 0.849 4.039 0.944 0.851 2.823 0.05 qd_soft ~power [100] 1 1
216 3 20 100 200.0 25.0 0.964 0.908 4.055 0.943 0.907 2.801 0.05 qd_soft ~power [100] 1 1
217 3 30 50 100.0 5.0 0.933 0.792 4.042 0.943 0.837 2.844 0.05 qd_soft ~power [50] 1 1
218 3 30 50 100.0 15.0 0.964 0.868 4.06 0.943 0.869 2.83 0.05 qd_soft ~power [50] 1 1
219 3 30 50 100.0 25.0 0.969 0.891 4.069 0.943 0.891 2.812 0.05 qd_soft ~power [50] 1 1
220 3 30 50 160.0 5.0 0.937 0.799 4.026 0.944 0.824 2.833 0.05 qd_soft ~power [50] 1 1
221 3 30 50 160.0 15.0 0.96 0.868 4.052 0.943 0.868 2.81 0.05 qd_soft ~power [50] 1 1
222 3 30 50 160.0 25.0 0.966 0.902 4.074 0.943 0.903 2.826 0.05 qd_soft ~power [50] 1 1
223 3 30 50 200.0 5.0 0.934 0.796 4.028 0.944 0.836 2.854 0.05 qd_soft ~power [50] 1 1
224 3 30 50 200.0 15.0 0.963 0.866 4.038 0.944 0.866 2.81 0.05 qd_soft ~power [50] 1 1
225 3 30 50 200.0 25.0 0.961 0.916 4.131 0.941 0.917 2.84 0.05 qd_soft ~power [50] 1 1
226 3 30 75 100.0 5.0 0.936 0.785 4.006 0.944 0.816 2.846 0.05 qd_soft ~power [75] 1 1
227 3 30 75 100.0 15.0 0.959 0.85 4.034 0.944 0.85 2.818 0.05 qd_soft ~power [75] 1 1
228 3 30 75 100.0 25.0 0.966 0.895 4.063 0.943 0.895 2.814 0.05 qd_soft ~power [75] 1 1
229 3 30 75 160.0 5.0 0.94 0.786 4.044 0.943 0.801 2.843 0.05 qd_soft ~power [75] 1 1
230 3 30 75 160.0 15.0 0.961 0.859 4.066 0.943 0.86 2.819 0.05 qd_soft ~power [75] 1 1
231 3 30 75 160.0 25.0 0.964 0.881 4.088 0.942 0.881 2.815 0.05 qd_soft ~power [75] 1 1
232 3 30 75 200.0 5.0 0.94 0.79 4.04 0.943 0.805 2.844 0.05 qd_soft ~power [75] 1 1
233 3 30 75 200.0 15.0 0.958 0.857 4.052 0.943 0.858 2.823 0.05 qd_soft ~power [75] 1 1
234 3 30 75 200.0 25.0 0.964 0.903 4.052 0.943 0.904 2.816 0.05 qd_soft ~power [75] 1 1
235 3 30 100 100.0 5.0 0.937 0.781 4.027 0.944 0.806 2.842 0.05 qd_soft ~power [100] 1 1
236 3 30 100 100.0 15.0 0.962 0.855 4.033 0.944 0.856 2.815 0.05 qd_soft ~power [100] 1 1
237 3 30 100 100.0 25.0 0.964 0.888 4.04 0.944 0.889 2.812 0.05 qd_soft ~power [100] 1 1
238 3 30 100 160.0 5.0 0.938 0.785 4.051 0.943 0.808 2.861 0.05 qd_soft ~power [100] 1 1
239 3 30 100 160.0 15.0 0.958 0.857 4.045 0.943 0.858 2.812 0.05 qd_soft ~power [100] 1 1
240 3 30 100 160.0 25.0 0.966 0.882 4.078 0.942 0.882 2.823 0.05 qd_soft ~power [100] 1 1
241 3 30 100 200.0 5.0 0.93 0.783 4.06 0.943 0.844 2.853 0.05 qd_soft ~power [100] 1 1
242 3 30 100 200.0 15.0 0.958 0.874 4.09 0.942 0.875 2.826 0.05 qd_soft ~power [100] 1 1
243 3 30 100 200.0 25.0 0.963 0.903 4.05 0.943 0.904 2.806 0.05 qd_soft ~power [100] 1 1
