EXP split_seed random_seed neurons soft lambda_in PICP_test MPIW_test RMSE R2 qd_loss NLL alpha loss data h_size bstraps ensemb
1 1 10 50 100.0 5.0 0.894 1.673 0.586 0.309 1.871 1.807 0.05 qd_soft ~wine [50] 1 1
2 1 10 50 100.0 15.0 0.925 2.036 0.558 0.373 2.165 1.134 0.05 qd_soft ~wine [50] 1 1
3 1 10 50 100.0 25.0 0.919 2.101 0.599 0.278 2.435 1.422 0.05 qd_soft ~wine [50] 1 1
4 1 10 50 160.0 5.0 0.894 1.724 0.582 0.319 1.934 2.455 0.05 qd_soft ~wine [50] 1 1
5 1 10 50 160.0 15.0 0.919 2.089 0.582 0.319 2.297 1.383 0.05 qd_soft ~wine [50] 1 1
6 1 10 50 160.0 25.0 0.919 2.173 0.591 0.296 2.512 2.395 0.05 qd_soft ~wine [50] 1 1
7 1 10 50 200.0 5.0 0.9 1.823 0.611 0.248 2.003 2.048 0.05 qd_soft ~wine [50] 1 1
8 1 10 50 200.0 15.0 0.925 2.151 0.604 0.267 2.279 1.341 0.05 qd_soft ~wine [50] 1 1
9 1 10 50 200.0 25.0 0.938 2.351 0.546 0.401 2.425 1.118 0.05 qd_soft ~wine [50] 1 1
10 1 10 75 100.0 5.0 0.906 1.697 0.578 0.328 1.835 1.721 0.05 qd_soft ~wine [75] 1 1
11 1 10 75 100.0 15.0 0.919 1.91 0.59 0.3 2.122 53.803 0.05 qd_soft ~wine [75] 1 1
12 1 10 75 100.0 25.0 0.938 2.02 0.613 0.243 2.09 1.762 0.05 qd_soft ~wine [75] 1 1
13 1 10 75 160.0 5.0 0.888 1.653 0.584 0.314 1.904 3.202 0.05 qd_soft ~wine [75] 1 1
14 1 10 75 160.0 15.0 0.919 2.083 0.551 0.388 2.291 1.11 0.05 qd_soft ~wine [75] 1 1
15 1 10 75 160.0 25.0 0.931 2.217 0.566 0.355 2.344 1.026 0.05 qd_soft ~wine [75] 1 1
16 1 10 75 200.0 5.0 0.906 1.792 0.581 0.32 1.931 1922.79 0.05 qd_soft ~wine [75] 1 1
17 1 10 75 200.0 15.0 0.931 2.13 0.612 0.247 2.23 3.491 0.05 qd_soft ~wine [75] 1 1
18 1 10 75 200.0 25.0 0.925 2.357 0.556 0.377 2.577 1.054 0.05 qd_soft ~wine [75] 1 1
19 1 10 100 100.0 5.0 0.894 1.633 0.588 0.305 1.845 1.911 0.05 qd_soft ~wine [100] 1 1
20 1 10 100 100.0 15.0 0.9 1.815 0.572 0.341 2.321 2.269 0.05 qd_soft ~wine [100] 1 1
21 1 10 100 100.0 25.0 0.944 2.148 0.58 0.324 2.181 1.577 0.05 qd_soft ~wine [100] 1 1
22 1 10 100 160.0 5.0 0.881 1.673 0.6 0.275 1.996 46.082 0.05 qd_soft ~wine [100] 1 1
23 1 10 100 160.0 15.0 0.919 1.966 0.561 0.367 2.161 2.056 0.05 qd_soft ~wine [100] 1 1
24 1 10 100 160.0 25.0 0.925 2.303 0.56 0.369 2.536 3.01 0.05 qd_soft ~wine [100] 1 1
25 1 10 100 200.0 5.0 0.888 1.822 0.596 0.284 2.099 48.595 0.05 qd_soft ~wine [100] 1 1
26 1 10 100 200.0 15.0 0.912 2.059 0.566 0.356 2.368 1.931 0.05 qd_soft ~wine [100] 1 1
27 1 10 100 200.0 25.0 0.919 2.375 0.556 0.378 2.735 1.138 0.05 qd_soft ~wine [100] 1 1
28 1 20 50 100.0 5.0 0.906 1.674 0.596 0.286 1.803 5.012 0.05 qd_soft ~wine [50] 1 1
29 1 20 50 100.0 15.0 0.925 1.958 0.566 0.355 2.092 1.145 0.05 qd_soft ~wine [50] 1 1
30 1 20 50 100.0 25.0 0.919 2.188 0.564 0.359 2.536 1.225 0.05 qd_soft ~wine [50] 1 1
31 1 20 50 160.0 5.0 0.894 1.749 0.596 0.286 1.956 1.623 0.05 qd_soft ~wine [50] 1 1
32 1 20 50 160.0 15.0 0.919 2.068 0.558 0.373 2.277 1.17 0.05 qd_soft ~wine [50] 1 1
33 1 20 50 160.0 25.0 0.925 2.157 0.557 0.376 2.357 0.96 0.05 qd_soft ~wine [50] 1 1
34 1 20 50 200.0 5.0 0.906 1.763 0.593 0.291 1.898 2.183 0.05 qd_soft ~wine [50] 1 1
35 1 20 50 200.0 15.0 0.938 2.094 0.595 0.289 2.144 1.282 0.05 qd_soft ~wine [50] 1 1
36 1 20 50 200.0 25.0 0.944 2.449 0.576 0.333 2.486 1.136 0.05 qd_soft ~wine [50] 1 1
37 1 20 75 100.0 5.0 0.919 1.725 0.592 0.295 1.819 3.113 0.05 qd_soft ~wine [75] 1 1
38 1 20 75 100.0 15.0 0.906 1.913 0.593 0.293 2.308 144.429 0.05 qd_soft ~wine [75] 1 1
39 1 20 75 100.0 25.0 0.925 2.12 0.569 0.348 2.329 1.424 0.05 qd_soft ~wine [75] 1 1
40 1 20 75 160.0 5.0 0.894 1.717 0.59 0.3 1.93 1.7 0.05 qd_soft ~wine [75] 1 1
41 1 20 75 160.0 15.0 0.912 1.978 0.586 0.31 2.268 1.836 0.05 qd_soft ~wine [75] 1 1
42 1 20 75 160.0 25.0 0.919 2.162 0.568 0.351 2.507 1.933 0.05 qd_soft ~wine [75] 1 1
43 1 20 75 200.0 5.0 0.894 1.806 0.559 0.371 2.064 9.344 0.05 qd_soft ~wine [75] 1 1
44 1 20 75 200.0 15.0 0.919 2.027 0.615 0.238 2.227 4.14 0.05 qd_soft ~wine [75] 1 1
45 1 20 75 200.0 25.0 0.95 2.386 0.548 0.396 2.42 1.707 0.05 qd_soft ~wine [75] 1 1
46 1 20 100 100.0 5.0 0.888 1.597 0.605 0.264 1.846 2.051 0.05 qd_soft ~wine [100] 1 1
47 1 20 100 100.0 15.0 0.906 1.883 0.586 0.31 2.271 1.683 0.05 qd_soft ~wine [100] 1 1
48 1 20 100 100.0 25.0 0.906 2.117 0.58 0.323 2.761 37.426 0.05 qd_soft ~wine [100] 1 1
49 1 20 100 160.0 5.0 0.9 1.671 0.574 0.336 1.867 2.694 0.05 qd_soft ~wine [100] 1 1
50 1 20 100 160.0 15.0 0.919 2.096 0.575 0.335 2.294 1.158 0.05 qd_soft ~wine [100] 1 1
51 1 20 100 160.0 25.0 0.931 2.227 0.556 0.378 2.354 1.111 0.05 qd_soft ~wine [100] 1 1
52 1 20 100 200.0 5.0 0.894 1.747 0.574 0.336 1.97 4.28 0.05 qd_soft ~wine [100] 1 1
53 1 20 100 200.0 15.0 0.906 2.252 0.548 0.395 2.663 1.167 0.05 qd_soft ~wine [100] 1 1
54 1 20 100 200.0 25.0 0.906 2.157 0.567 0.353 2.767 0.985 0.05 qd_soft ~wine [100] 1 1
55 1 30 50 100.0 5.0 0.881 1.654 0.605 0.264 1.962 2.139 0.05 qd_soft ~wine [50] 1 1
56 1 30 50 100.0 15.0 0.925 1.942 0.606 0.26 2.078 2.511 0.05 qd_soft ~wine [50] 1 1
57 1 30 50 100.0 25.0 0.931 2.133 0.569 0.348 2.262 1.235 0.05 qd_soft ~wine [50] 1 1
58 1 30 50 160.0 5.0 0.894 1.781 0.591 0.296 1.986 1.667 0.05 qd_soft ~wine [50] 1 1
59 1 30 50 160.0 15.0 0.919 2.058 0.569 0.349 2.289 2.017 0.05 qd_soft ~wine [50] 1 1
60 1 30 50 160.0 25.0 0.938 2.301 0.55 0.392 2.36 0.978 0.05 qd_soft ~wine [50] 1 1
61 1 30 50 200.0 5.0 0.888 1.706 0.592 0.293 1.95 1.821 0.05 qd_soft ~wine [50] 1 1
62 1 30 50 200.0 15.0 0.938 2.068 0.596 0.285 2.117 2.037 0.05 qd_soft ~wine [50] 1 1
63 1 30 50 200.0 25.0 0.944 2.402 0.561 0.366 2.438 0.934 0.05 qd_soft ~wine [50] 1 1
64 1 30 75 100.0 5.0 0.888 1.655 0.585 0.312 1.913 2.195 0.05 qd_soft ~wine [75] 1 1
65 1 30 75 100.0 15.0 0.925 1.974 0.596 0.286 2.103 1.456 0.05 qd_soft ~wine [75] 1 1
66 1 30 75 100.0 25.0 0.919 2.159 0.569 0.349 2.476 1.095 0.05 qd_soft ~wine [75] 1 1
67 1 30 75 160.0 5.0 0.888 1.637 0.6 0.276 1.892 2.305 0.05 qd_soft ~wine [75] 1 1
68 1 30 75 160.0 15.0 0.912 1.99 0.575 0.335 2.285 5.684 0.05 qd_soft ~wine [75] 1 1
69 1 30 75 160.0 25.0 0.931 2.447 0.549 0.393 2.59 0.913 0.05 qd_soft ~wine [75] 1 1
70 1 30 75 200.0 5.0 0.894 1.726 0.585 0.31 1.941 2.983 0.05 qd_soft ~wine [75] 1 1
71 1 30 75 200.0 15.0 0.925 2.039 0.56 0.368 2.175 1.191 0.05 qd_soft ~wine [75] 1 1
72 1 30 75 200.0 25.0 0.938 2.473 0.558 0.373 2.554 1.347 0.05 qd_soft ~wine [75] 1 1
73 1 30 100 100.0 5.0 0.869 1.642 0.609 0.253 2.07 182.645 0.05 qd_soft ~wine [100] 1 1
74 1 30 100 100.0 15.0 0.9 1.956 0.577 0.329 2.432 1.135 0.05 qd_soft ~wine [100] 1 1
75 1 30 100 100.0 25.0 0.925 2.1 0.54 0.413 2.313 0.962 0.05 qd_soft ~wine [100] 1 1
76 1 30 100 160.0 5.0 0.881 1.699 0.582 0.319 2.036 2.01 0.05 qd_soft ~wine [100] 1 1
77 1 30 100 160.0 15.0 0.906 2.064 0.566 0.354 2.469 3.09 0.05 qd_soft ~wine [100] 1 1
78 1 30 100 160.0 25.0 0.944 2.29 0.567 0.354 2.326 0.963 0.05 qd_soft ~wine [100] 1 1
79 1 30 100 200.0 5.0 0.875 1.729 0.585 0.311 2.111 3.424 0.05 qd_soft ~wine [100] 1 1
80 1 30 100 200.0 15.0 0.9 2.043 0.564 0.361 2.54 1.844 0.05 qd_soft ~wine [100] 1 1
81 1 30 100 200.0 25.0 0.944 2.326 0.55 0.391 2.357 1.014 0.05 qd_soft ~wine [100] 1 1
82 2 10 50 100.0 5.0 0.9 1.855 0.65 0.153 2.023 4.479 0.05 qd_soft ~wine [50] 1 1
83 2 10 50 100.0 15.0 0.919 2.196 0.647 0.161 2.398 1.755 0.05 qd_soft ~wine [50] 1 1
84 2 10 50 100.0 25.0 0.9 2.375 0.637 0.187 3.194 1.348 0.05 qd_soft ~wine [50] 1 1
85 2 10 50 160.0 5.0 0.881 1.889 0.647 0.16 2.197 3.473 0.05 qd_soft ~wine [50] 1 1
86 2 10 50 160.0 15.0 0.912 2.228 0.634 0.195 2.511 38.316 0.05 qd_soft ~wine [50] 1 1
87 2 10 50 160.0 25.0 0.919 2.551 0.636 0.187 2.909 1.745 0.05 qd_soft ~wine [50] 1 1
88 2 10 50 200.0 5.0 0.9 1.946 0.643 0.171 2.12 2.278 0.05 qd_soft ~wine [50] 1 1
89 2 10 50 200.0 15.0 0.906 2.309 0.649 0.154 2.683 68.208 0.05 qd_soft ~wine [50] 1 1
90 2 10 50 200.0 25.0 0.938 2.671 0.644 0.168 2.748 1.126 0.05 qd_soft ~wine [50] 1 1
91 2 10 75 100.0 5.0 0.888 1.857 0.635 0.191 2.102 1.917 0.05 qd_soft ~wine [75] 1 1
92 2 10 75 100.0 15.0 0.912 2.076 0.643 0.171 2.353 2.427 0.05 qd_soft ~wine [75] 1 1
93 2 10 75 100.0 25.0 0.931 2.294 0.631 0.201 2.395 1.084 0.05 qd_soft ~wine [75] 1 1
94 2 10 75 160.0 5.0 0.856 1.837 0.66 0.125 2.403 2.377 0.05 qd_soft ~wine [75] 1 1
95 2 10 75 160.0 15.0 0.912 2.193 0.647 0.16 2.48 2.187 0.05 qd_soft ~wine [75] 1 1
96 2 10 75 160.0 25.0 0.931 2.527 0.637 0.187 2.66 1.431 0.05 qd_soft ~wine [75] 1 1
97 2 10 75 200.0 5.0 0.888 1.941 0.655 0.14 2.212 38.263 0.05 qd_soft ~wine [75] 1 1
98 2 10 75 200.0 15.0 0.9 2.208 0.632 0.198 2.7 1.89 0.05 qd_soft ~wine [75] 1 1
99 2 10 75 200.0 25.0 0.931 2.556 0.652 0.148 2.67 1.082 0.05 qd_soft ~wine [75] 1 1
100 2 10 100 100.0 5.0 0.875 1.66 0.643 0.17 2.018 3.684 0.05 qd_soft ~wine [100] 1 1
101 2 10 100 100.0 15.0 0.894 1.998 0.65 0.152 2.601 3.395 0.05 qd_soft ~wine [100] 1 1
102 2 10 100 100.0 25.0 0.925 2.352 0.65 0.153 2.587 1.766 0.05 qd_soft ~wine [100] 1 1
103 2 10 100 160.0 5.0 0.85 1.771 0.654 0.142 2.417 9.636 0.05 qd_soft ~wine [100] 1 1
104 2 10 100 160.0 15.0 0.919 2.156 0.637 0.187 2.336 1.425 0.05 qd_soft ~wine [100] 1 1
105 2 10 100 160.0 25.0 0.888 2.267 0.666 0.111 3.491 1.196 0.05 qd_soft ~wine [100] 1 1
106 2 10 100 200.0 5.0 0.85 1.949 0.643 0.17 2.607 1.996 0.05 qd_soft ~wine [100] 1 1
107 2 10 100 200.0 15.0 0.881 2.196 0.633 0.196 3.134 4.833 0.05 qd_soft ~wine [100] 1 1
108 2 10 100 200.0 25.0 0.919 2.623 0.652 0.147 2.934 1.121 0.05 qd_soft ~wine [100] 1 1
109 2 20 50 100.0 5.0 0.888 1.922 0.653 0.144 2.176 43.35 0.05 qd_soft ~wine [50] 1 1
110 2 20 50 100.0 15.0 0.906 2.111 0.635 0.192 2.466 2.463 0.05 qd_soft ~wine [50] 1 1
111 2 20 50 100.0 25.0 0.894 2.301 0.65 0.152 3.327 1.191 0.05 qd_soft ~wine [50] 1 1
112 2 20 50 160.0 5.0 0.888 1.898 0.656 0.137 2.15 228.293 0.05 qd_soft ~wine [50] 1 1
113 2 20 50 160.0 15.0 0.912 2.285 0.641 0.176 2.55 1.111 0.05 qd_soft ~wine [50] 1 1
114 2 20 50 160.0 25.0 0.938 2.504 0.645 0.164 2.569 1.803 0.05 qd_soft ~wine [50] 1 1
115 2 20 50 200.0 5.0 0.862 1.924 0.648 0.158 2.432 10.467 0.05 qd_soft ~wine [50] 1 1
116 2 20 50 200.0 15.0 0.938 2.309 0.629 0.206 2.347 15.007 0.05 qd_soft ~wine [50] 1 1
117 2 20 50 200.0 25.0 0.925 2.385 0.658 0.132 2.58 1.184 0.05 qd_soft ~wine [50] 1 1
118 2 20 75 100.0 5.0 0.9 1.762 0.642 0.173 1.934 4.704 0.05 qd_soft ~wine [75] 1 1
119 2 20 75 100.0 15.0 0.9 2.002 0.64 0.179 2.482 1.432 0.05 qd_soft ~wine [75] 1 1
120 2 20 75 100.0 25.0 0.931 2.305 0.639 0.182 2.421 48.816 0.05 qd_soft ~wine [75] 1 1
121 2 20 75 160.0 5.0 0.875 1.887 0.645 0.165 2.259 12.512 0.05 qd_soft ~wine [75] 1 1
122 2 20 75 160.0 15.0 0.912 2.25 0.654 0.141 2.537 1.259 0.05 qd_soft ~wine [75] 1 1
123 2 20 75 160.0 25.0 0.931 2.413 0.652 0.147 2.544 1.212 0.05 qd_soft ~wine [75] 1 1
124 2 20 75 200.0 5.0 0.894 1.916 0.633 0.196 2.144 5.078 0.05 qd_soft ~wine [75] 1 1
125 2 20 75 200.0 15.0 0.906 2.333 0.646 0.162 2.719 70.137 0.05 qd_soft ~wine [75] 1 1
126 2 20 75 200.0 25.0 0.925 2.413 0.656 0.137 2.621 1.147 0.05 qd_soft ~wine [75] 1 1
127 2 20 100 100.0 5.0 0.869 1.779 0.66 0.127 2.198 121.902 0.05 qd_soft ~wine [100] 1 1
128 2 20 100 100.0 15.0 0.906 2.126 0.642 0.174 2.497 2.774 0.05 qd_soft ~wine [100] 1 1
129 2 20 100 100.0 25.0 0.938 2.272 0.622 0.223 2.319 1.177 0.05 qd_soft ~wine [100] 1 1
130 2 20 100 160.0 5.0 0.881 1.854 0.639 0.181 2.163 3.114 0.05 qd_soft ~wine [100] 1 1
131 2 20 100 160.0 15.0 0.894 2.133 0.633 0.197 2.744 1.342 0.05 qd_soft ~wine [100] 1 1
132 2 20 100 160.0 25.0 0.931 2.555 0.636 0.188 2.715 6.45 0.05 qd_soft ~wine [100] 1 1
133 2 20 100 200.0 5.0 0.856 1.831 0.652 0.148 2.418 16.363 0.05 qd_soft ~wine [100] 1 1
134 2 20 100 200.0 15.0 0.881 2.231 0.665 0.112 3.13 1.359 0.05 qd_soft ~wine [100] 1 1
135 2 20 100 200.0 25.0 0.938 2.664 0.648 0.157 2.749 1.314 0.05 qd_soft ~wine [100] 1 1
136 2 30 50 100.0 5.0 0.906 1.878 0.643 0.171 2.022 23.629 0.05 qd_soft ~wine [50] 1 1
137 2 30 50 100.0 15.0 0.9 2.051 0.645 0.165 2.55 2.251 0.05 qd_soft ~wine [50] 1 1
138 2 30 50 100.0 25.0 0.919 2.448 0.672 0.095 2.748 1.123 0.05 qd_soft ~wine [50] 1 1
139 2 30 50 160.0 5.0 0.888 1.936 0.647 0.159 2.21 278.77 0.05 qd_soft ~wine [50] 1 1
140 2 30 50 160.0 15.0 0.919 2.183 0.642 0.175 2.389 7.375 0.05 qd_soft ~wine [50] 1 1
141 2 30 50 160.0 25.0 0.944 2.552 0.667 0.107 2.545 1.062 0.05 qd_soft ~wine [50] 1 1
142 2 30 50 200.0 5.0 0.9 1.887 0.638 0.183 2.064 2.389 0.05 qd_soft ~wine [50] 1 1
143 2 30 50 200.0 15.0 0.875 2.289 0.667 0.109 3.427 12.588 0.05 qd_soft ~wine [50] 1 1
144 2 30 50 200.0 25.0 0.925 2.607 0.65 0.152 2.838 1.117 0.05 qd_soft ~wine [50] 1 1
145 2 30 75 100.0 5.0 0.869 1.829 0.646 0.163 2.268 2.378 0.05 qd_soft ~wine [75] 1 1
146 2 30 75 100.0 15.0 0.912 2.163 0.634 0.193 2.443 1.672 0.05 qd_soft ~wine [75] 1 1
147 2 30 75 100.0 25.0 0.875 2.197 0.643 0.17 4.02 1.699 0.05 qd_soft ~wine [75] 1 1
148 2 30 75 160.0 5.0 0.85 1.851 0.66 0.127 2.506 17.88 0.05 qd_soft ~wine [75] 1 1
149 2 30 75 160.0 15.0 0.912 2.273 0.63 0.204 2.531 1.059 0.05 qd_soft ~wine [75] 1 1
150 2 30 75 160.0 25.0 0.894 2.372 0.661 0.123 3.435 2.018 0.05 qd_soft ~wine [75] 1 1
151 2 30 75 200.0 5.0 0.894 1.871 0.629 0.205 2.101 3.654 0.05 qd_soft ~wine [75] 1 1
152 2 30 75 200.0 15.0 0.894 2.357 0.661 0.125 2.991 1.413 0.05 qd_soft ~wine [75] 1 1
153 2 30 75 200.0 25.0 0.931 2.599 0.636 0.188 2.756 3.511 0.05 qd_soft ~wine [75] 1 1
154 2 30 100 100.0 5.0 0.869 1.723 0.652 0.148 2.154 8.585 0.05 qd_soft ~wine [100] 1 1
155 2 30 100 100.0 15.0 0.9 2.139 0.631 0.202 2.624 1.16 0.05 qd_soft ~wine [100] 1 1
156 2 30 100 100.0 25.0 0.931 2.355 0.64 0.178 2.489 2.63 0.05 qd_soft ~wine [100] 1 1
157 2 30 100 160.0 5.0 0.888 1.888 0.643 0.17 2.15 10.335 0.05 qd_soft ~wine [100] 1 1
158 2 30 100 160.0 15.0 0.869 2.265 0.631 0.202 3.571 1.595 0.05 qd_soft ~wine [100] 1 1
159 2 30 100 160.0 25.0 0.919 2.519 0.667 0.107 2.878 1.766 0.05 qd_soft ~wine [100] 1 1
160 2 30 100 200.0 5.0 0.856 1.895 0.638 0.183 2.461 5.646 0.05 qd_soft ~wine [100] 1 1
161 2 30 100 200.0 15.0 0.894 2.273 0.656 0.138 2.856 1.132 0.05 qd_soft ~wine [100] 1 1
162 2 30 100 200.0 25.0 0.919 2.475 0.663 0.119 2.796 4.741 0.05 qd_soft ~wine [100] 1 1
163 3 10 50 100.0 5.0 0.869 1.722 0.653 0.255 2.147 2.033 0.05 qd_soft ~wine [50] 1 1
164 3 10 50 100.0 15.0 0.881 1.931 0.665 0.229 2.856 7.372 0.05 qd_soft ~wine [50] 1 1
165 3 10 50 100.0 25.0 0.894 2.087 0.626 0.315 3.103 1.267 0.05 qd_soft ~wine [50] 1 1
166 3 10 50 160.0 5.0 0.856 1.633 0.652 0.259 2.194 2.042 0.05 qd_soft ~wine [50] 1 1
167 3 10 50 160.0 15.0 0.869 2.004 0.679 0.194 3.267 1.683 0.05 qd_soft ~wine [50] 1 1
168 3 10 50 160.0 25.0 0.906 2.285 0.627 0.312 2.92 1.24 0.05 qd_soft ~wine [50] 1 1
169 3 10 50 200.0 5.0 0.856 1.668 0.658 0.245 2.237 2.048 0.05 qd_soft ~wine [50] 1 1
170 3 10 50 200.0 15.0 0.9 2.266 0.627 0.313 2.771 1.263 0.05 qd_soft ~wine [50] 1 1
171 3 10 50 200.0 25.0 0.881 2.294 0.627 0.314 3.808 1.085 0.05 qd_soft ~wine [50] 1 1
172 3 10 75 100.0 5.0 0.85 1.711 0.651 0.259 2.368 5.909 0.05 qd_soft ~wine [75] 1 1
173 3 10 75 100.0 15.0 0.881 1.964 0.662 0.235 2.873 2.336 0.05 qd_soft ~wine [75] 1 1
174 3 10 75 100.0 25.0 0.894 2.084 0.667 0.224 3.101 1.926 0.05 qd_soft ~wine [75] 1 1
175 3 10 75 160.0 5.0 0.838 1.744 0.653 0.255 2.577 10.605 0.05 qd_soft ~wine [75] 1 1
176 3 10 75 160.0 15.0 0.888 1.948 0.656 0.248 2.73 679.099 0.05 qd_soft ~wine [75] 1 1
177 3 10 75 160.0 25.0 0.888 2.089 0.673 0.209 3.343 2.568 0.05 qd_soft ~wine [75] 1 1
178 3 10 75 200.0 5.0 0.875 1.857 0.652 0.257 2.232 64.457 0.05 qd_soft ~wine [75] 1 1
179 3 10 75 200.0 15.0 0.875 2.168 0.642 0.28 3.262 1.744 0.05 qd_soft ~wine [75] 1 1
180 3 10 75 200.0 25.0 0.912 2.397 0.607 0.357 2.861 0.996 0.05 qd_soft ~wine [75] 1 1
181 3 10 100 100.0 5.0 0.862 1.59 0.659 0.241 2.072 1.935 0.05 qd_soft ~wine [100] 1 1
182 3 10 100 100.0 15.0 0.869 1.935 0.639 0.287 3.209 1.361 0.05 qd_soft ~wine [100] 1 1
183 3 10 100 100.0 25.0 0.9 2.083 0.641 0.283 2.902 1.401 0.05 qd_soft ~wine [100] 1 1
184 3 10 100 160.0 5.0 0.869 1.734 0.638 0.288 2.167 2.647 0.05 qd_soft ~wine [100] 1 1
185 3 10 100 160.0 15.0 0.881 1.944 0.643 0.278 2.864 1.84 0.05 qd_soft ~wine [100] 1 1
186 3 10 100 160.0 25.0 0.912 2.076 0.639 0.288 2.55 6.417 0.05 qd_soft ~wine [100] 1 1
187 3 10 100 200.0 5.0 0.85 1.709 0.645 0.274 2.382 6.061 0.05 qd_soft ~wine [100] 1 1
188 3 10 100 200.0 15.0 0.9 2.087 0.644 0.277 2.591 2.736 0.05 qd_soft ~wine [100] 1 1
189 3 10 100 200.0 25.0 0.919 2.45 0.628 0.311 2.771 1.007 0.05 qd_soft ~wine [100] 1 1
190 3 20 50 100.0 5.0 0.875 1.733 0.658 0.243 2.111 4.799 0.05 qd_soft ~wine [50] 1 1
191 3 20 50 100.0 15.0 0.894 1.939 0.631 0.305 2.53 1.315 0.05 qd_soft ~wine [50] 1 1
192 3 20 50 100.0 25.0 0.875 2.021 0.68 0.193 3.827 2.561 0.05 qd_soft ~wine [50] 1 1
193 3 20 50 160.0 5.0 0.881 1.737 0.658 0.245 2.029 1.85 0.05 qd_soft ~wine [50] 1 1
194 3 20 50 160.0 15.0 0.881 2.092 0.637 0.29 2.999 1.478 0.05 qd_soft ~wine [50] 1 1
195 3 20 50 160.0 25.0 0.894 2.239 0.647 0.269 3.242 1.268 0.05 qd_soft ~wine [50] 1 1
196 3 20 50 200.0 5.0 0.844 1.758 0.66 0.239 2.481 2.473 0.05 qd_soft ~wine [50] 1 1
197 3 20 50 200.0 15.0 0.894 2.076 0.636 0.294 2.682 1.317 0.05 qd_soft ~wine [50] 1 1
198 3 20 50 200.0 25.0 0.919 2.465 0.629 0.309 2.798 1.097 0.05 qd_soft ~wine [50] 1 1
199 3 20 75 100.0 5.0 0.869 1.632 0.668 0.22 2.051 1.922 0.05 qd_soft ~wine [75] 1 1
200 3 20 75 100.0 15.0 0.869 1.879 0.645 0.273 3.125 1.47 0.05 qd_soft ~wine [75] 1 1
201 3 20 75 100.0 25.0 0.875 1.974 0.684 0.182 3.769 1.67 0.05 qd_soft ~wine [75] 1 1
202 3 20 75 160.0 5.0 0.856 1.665 0.654 0.253 2.236 1.864 0.05 qd_soft ~wine [75] 1 1
203 3 20 75 160.0 15.0 0.888 2.036 0.642 0.281 2.788 1.443 0.05 qd_soft ~wine [75] 1 1
204 3 20 75 160.0 25.0 0.906 2.207 0.64 0.286 2.838 12.909 0.05 qd_soft ~wine [75] 1 1
205 3 20 75 200.0 5.0 0.85 1.629 0.657 0.246 2.28 2.061 0.05 qd_soft ~wine [75] 1 1
206 3 20 75 200.0 15.0 0.906 2.237 0.622 0.323 2.625 1.245 0.05 qd_soft ~wine [75] 1 1
207 3 20 75 200.0 25.0 0.906 2.439 0.613 0.344 3.077 1.08 0.05 qd_soft ~wine [75] 1 1
208 3 20 100 100.0 5.0 0.844 1.576 0.667 0.223 2.303 1184.653 0.05 qd_soft ~wine [100] 1 1
209 3 20 100 100.0 15.0 0.888 1.925 0.639 0.286 2.683 1.723 0.05 qd_soft ~wine [100] 1 1
210 3 20 100 100.0 25.0 0.888 2.01 0.629 0.308 3.29 1.854 0.05 qd_soft ~wine [100] 1 1
211 3 20 100 160.0 5.0 0.831 1.669 0.654 0.254 2.576 1.944 0.05 qd_soft ~wine [100] 1 1
212 3 20 100 160.0 15.0 0.894 2.016 0.642 0.28 2.626 1.416 0.05 qd_soft ~wine [100] 1 1
213 3 20 100 160.0 25.0 0.906 2.187 0.639 0.287 2.809 17.003 0.05 qd_soft ~wine [100] 1 1
214 3 20 100 200.0 5.0 0.85 1.705 0.636 0.295 2.373 1.727 0.05 qd_soft ~wine [100] 1 1
215 3 20 100 200.0 15.0 0.9 1.966 0.622 0.325 2.477 1.828 0.05 qd_soft ~wine [100] 1 1
216 3 20 100 200.0 25.0 0.906 2.491 0.618 0.332 3.127 1.134 0.05 qd_soft ~wine [100] 1 1
217 3 30 50 100.0 5.0 0.869 1.674 0.652 0.256 2.096 2.213 0.05 qd_soft ~wine [50] 1 1
218 3 30 50 100.0 15.0 0.881 1.911 0.67 0.215 2.813 1.864 0.05 qd_soft ~wine [50] 1 1
219 3 30 50 100.0 25.0 0.894 2.11 0.66 0.239 3.115 1.473 0.05 qd_soft ~wine [50] 1 1
220 3 30 50 160.0 5.0 0.838 1.7 0.65 0.262 2.519 1.907 0.05 qd_soft ~wine [50] 1 1
221 3 30 50 160.0 15.0 0.906 2.195 0.641 0.282 2.58 1.328 0.05 qd_soft ~wine [50] 1 1
222 3 30 50 160.0 25.0 0.919 2.467 0.624 0.319 2.798 1.144 0.05 qd_soft ~wine [50] 1 1
223 3 30 50 200.0 5.0 0.844 1.757 0.655 0.25 2.481 2.119 0.05 qd_soft ~wine [50] 1 1
224 3 30 50 200.0 15.0 0.894 2.07 0.649 0.264 2.695 5485220.723 0.05 qd_soft ~wine [50] 1 1
225 3 30 50 200.0 25.0 0.9 2.33 0.604 0.362 3.126 1.006 0.05 qd_soft ~wine [50] 1 1
226 3 30 75 100.0 5.0 0.862 1.59 0.665 0.228 2.077 2.103 0.05 qd_soft ~wine [75] 1 1
227 3 30 75 100.0 15.0 0.862 1.83 0.663 0.233 3.304 1.776 0.05 qd_soft ~wine [75] 1 1
228 3 30 75 100.0 25.0 0.9 2.004 0.639 0.287 2.79 1.287 0.05 qd_soft ~wine [75] 1 1
229 3 30 75 160.0 5.0 0.869 1.716 0.663 0.233 2.141 2.027 0.05 qd_soft ~wine [75] 1 1
230 3 30 75 160.0 15.0 0.862 2.094 0.629 0.309 3.563 1.183 0.05 qd_soft ~wine [75] 1 1
231 3 30 75 160.0 25.0 0.906 2.36 0.643 0.277 2.971 1.199 0.05 qd_soft ~wine [75] 1 1
232 3 30 75 200.0 5.0 0.85 1.762 0.64 0.284 2.416 2.139 0.05 qd_soft ~wine [75] 1 1
233 3 30 75 200.0 15.0 0.869 2.039 0.664 0.23 3.337 2.265 0.05 qd_soft ~wine [75] 1 1
234 3 30 75 200.0 25.0 0.9 2.307 0.607 0.357 3.095 1.017 0.05 qd_soft ~wine [75] 1 1
235 3 30 100 100.0 5.0 0.869 1.603 0.664 0.231 2.01 2.026 0.05 qd_soft ~wine [100] 1 1
236 3 30 100 100.0 15.0 0.881 1.872 0.647 0.269 2.781 1.508 0.05 qd_soft ~wine [100] 1 1
237 3 30 100 100.0 25.0 0.888 2.029 0.648 0.266 3.275 1.521 0.05 qd_soft ~wine [100] 1 1
238 3 30 100 160.0 5.0 0.862 1.613 0.66 0.24 2.11 2.081 0.05 qd_soft ~wine [100] 1 1
239 3 30 100 160.0 15.0 0.881 2.094 0.638 0.29 3.05 42.418 0.05 qd_soft ~wine [100] 1 1
240 3 30 100 160.0 25.0 0.894 2.177 0.641 0.283 3.197 2.323 0.05 qd_soft ~wine [100] 1 1
241 3 30 100 200.0 5.0 0.825 1.691 0.649 0.264 2.717 2.241 0.05 qd_soft ~wine [100] 1 1
242 3 30 100 200.0 15.0 0.869 1.958 0.664 0.23 3.239 1.985 0.05 qd_soft ~wine [100] 1 1
243 3 30 100 200.0 25.0 0.888 2.234 0.654 0.252 3.479 1.362 0.05 qd_soft ~wine [100] 1 1
