EXP split_seed random_seed neurons soft lambda_in PICP_test MPIW_test RMSE R2 qd_loss NLL alpha loss data h_size bstraps ensemb
1 1 10 50 100.0 5.0 0.935 0.26 0.894 0.995 0.278 1.157 0.05 qd_soft ~yacht [50] 1 1
2 1 10 50 100.0 15.0 0.968 0.397 1.962 0.978 0.411 1.572 0.05 qd_soft ~yacht [50] 1 1
3 1 10 50 100.0 25.0 0.871 1.339 3.432 0.932 2.322 2.834 0.05 qd_soft ~yacht [50] 1 1
4 1 10 50 160.0 5.0 0.871 0.266 1.884 0.98 0.41 1.371 0.05 qd_soft ~yacht [50] 1 1
5 1 10 50 160.0 15.0 1.0 0.86 3.108 0.944 0.86 2.175 0.05 qd_soft ~yacht [50] 1 1
6 1 10 50 160.0 25.0 0.903 0.898 3.351 0.935 1.216 2.423 0.05 qd_soft ~yacht [50] 1 1
7 1 10 50 200.0 5.0 0.903 0.388 1.926 0.979 0.453 1.619 0.05 qd_soft ~yacht [50] 1 1
8 1 10 50 200.0 15.0 0.935 0.649 3.543 0.928 0.651 2.409 0.05 qd_soft ~yacht [50] 1 1
9 1 10 50 200.0 25.0 0.871 0.762 3.353 0.935 1.658 2.738 0.05 qd_soft ~yacht [50] 1 1
10 1 10 75 100.0 5.0 1.0 0.401 1.24 0.991 0.401 1.396 0.05 qd_soft ~yacht [75] 1 1
11 1 10 75 100.0 15.0 1.0 0.93 1.773 0.982 0.93 2.233 0.05 qd_soft ~yacht [75] 1 1
12 1 10 75 100.0 25.0 0.903 0.502 2.518 0.964 0.807 2.069 0.05 qd_soft ~yacht [75] 1 1
13 1 10 75 160.0 5.0 0.968 0.304 1.388 0.989 0.3 1.304 0.05 qd_soft ~yacht [75] 1 1
14 1 10 75 160.0 15.0 0.839 0.588 3.114 0.944 1.662 2.451 0.05 qd_soft ~yacht [75] 1 1
15 1 10 75 160.0 25.0 0.839 0.921 4.086 0.904 2.717 2.76 0.05 qd_soft ~yacht [75] 1 1
16 1 10 75 200.0 5.0 1.0 0.53 2.044 0.976 0.53 1.928 0.05 qd_soft ~yacht [75] 1 1
17 1 10 75 200.0 15.0 0.871 0.726 3.454 0.931 1.285 2.54 0.05 qd_soft ~yacht [75] 1 1
18 1 10 75 200.0 25.0 0.903 0.862 3.762 0.919 1.158 2.562 0.05 qd_soft ~yacht [75] 1 1
19 1 10 100 100.0 5.0 0.774 0.199 1.385 0.989 1.03 1.371 0.05 qd_soft ~yacht [100] 1 1
20 1 10 100 100.0 15.0 1.0 0.503 1.746 0.982 0.503 1.691 0.05 qd_soft ~yacht [100] 1 1
21 1 10 100 100.0 25.0 1.0 0.926 2.311 0.969 0.926 2.323 0.05 qd_soft ~yacht [100] 1 1
22 1 10 100 160.0 5.0 1.0 18.284 11.686 0.215 18.283 5.113 0.05 qd_soft ~yacht [100] 1 1
23 1 10 100 160.0 15.0 0.871 0.586 2.698 0.958 1.105 2.354 0.05 qd_soft ~yacht [100] 1 1
24 1 10 100 160.0 25.0 0.935 0.66 2.942 0.95 0.697 2.103 0.05 qd_soft ~yacht [100] 1 1
25 1 10 100 200.0 5.0 0.968 0.331 1.987 0.977 0.319 1.416 0.05 qd_soft ~yacht [100] 1 1
26 1 10 100 200.0 15.0 0.903 0.693 3.337 0.936 0.896 2.403 0.05 qd_soft ~yacht [100] 1 1
27 1 10 100 200.0 25.0 1.0 0.976 3.569 0.927 0.976 2.352 0.05 qd_soft ~yacht [100] 1 1
28 1 20 50 100.0 5.0 0.903 0.237 1.034 0.994 0.307 1.383 0.05 qd_soft ~yacht [50] 1 1
29 1 20 50 100.0 15.0 0.935 0.383 1.48 0.987 0.415 1.82 0.05 qd_soft ~yacht [50] 1 1
30 1 20 50 100.0 25.0 0.935 0.563 2.549 0.963 0.597 2.175 0.05 qd_soft ~yacht [50] 1 1
31 1 20 50 160.0 5.0 0.968 0.44 1.434 0.988 0.44 1.831 0.05 qd_soft ~yacht [50] 1 1
32 1 20 50 160.0 15.0 0.935 0.409 1.979 0.978 0.431 1.683 0.05 qd_soft ~yacht [50] 1 1
33 1 20 50 160.0 25.0 0.968 0.908 3.414 0.933 0.924 2.507 0.05 qd_soft ~yacht [50] 1 1
34 1 20 50 200.0 5.0 0.935 0.314 2.101 0.975 0.315 1.636 0.05 qd_soft ~yacht [50] 1 1
35 1 20 50 200.0 15.0 0.903 0.557 2.812 0.955 0.73 2.171 0.05 qd_soft ~yacht [50] 1 1
36 1 20 50 200.0 25.0 0.968 0.832 3.086 0.945 0.857 2.22 0.05 qd_soft ~yacht [50] 1 1
37 1 20 75 100.0 5.0 1.0 0.306 0.854 0.996 0.306 1.178 0.05 qd_soft ~yacht [75] 1 1
38 1 20 75 100.0 15.0 0.968 0.428 1.68 0.984 0.43 1.623 0.05 qd_soft ~yacht [75] 1 1
39 1 20 75 100.0 25.0 1.0 0.463 1.849 0.98 0.463 1.746 0.05 qd_soft ~yacht [75] 1 1
40 1 20 75 160.0 5.0 0.968 0.667 1.457 0.988 0.688 3.157 0.05 qd_soft ~yacht [75] 1 1
41 1 20 75 160.0 15.0 0.935 0.561 2.666 0.959 0.59 1.945 0.05 qd_soft ~yacht [75] 1 1
42 1 20 75 160.0 25.0 0.903 0.765 3.504 0.929 1.115 3.87 0.05 qd_soft ~yacht [75] 1 1
43 1 20 75 200.0 5.0 0.903 0.392 1.97 0.978 0.461 1.701 0.05 qd_soft ~yacht [75] 1 1
44 1 20 75 200.0 15.0 0.871 0.718 3.526 0.929 1.28 2.687 0.05 qd_soft ~yacht [75] 1 1
45 1 20 75 200.0 25.0 0.968 0.875 3.577 0.926 0.892 2.429 0.05 qd_soft ~yacht [75] 1 1
46 1 20 100 100.0 5.0 1.0 0.39 1.157 0.992 0.39 1.538 0.05 qd_soft ~yacht [100] 1 1
47 1 20 100 100.0 15.0 1.0 0.575 1.442 0.988 0.575 1.789 0.05 qd_soft ~yacht [100] 1 1
48 1 20 100 100.0 25.0 1.0 0.792 1.956 0.978 0.792 2.178 0.05 qd_soft ~yacht [100] 1 1
49 1 20 100 160.0 5.0 0.935 0.427 2.14 0.974 0.415 1.59 0.05 qd_soft ~yacht [100] 1 1
50 1 20 100 160.0 15.0 0.935 0.474 2.159 0.973 0.494 1.837 0.05 qd_soft ~yacht [100] 1 1
51 1 20 100 160.0 25.0 0.968 0.619 2.453 0.965 0.627 2.186 0.05 qd_soft ~yacht [100] 1 1
52 1 20 100 200.0 5.0 0.935 0.385 1.539 0.986 0.4 1.521 0.05 qd_soft ~yacht [100] 1 1
53 1 20 100 200.0 15.0 0.935 0.823 2.942 0.95 0.853 2.393 0.05 qd_soft ~yacht [100] 1 1
54 1 20 100 200.0 25.0 0.935 0.918 2.918 0.951 0.975 2.414 0.05 qd_soft ~yacht [100] 1 1
55 1 30 50 100.0 5.0 0.968 0.373 1.218 0.991 0.379 1.534 0.05 qd_soft ~yacht [50] 1 1
56 1 30 50 100.0 15.0 0.935 0.804 2.337 0.969 0.85 2.385 0.05 qd_soft ~yacht [50] 1 1
57 1 30 50 100.0 25.0 0.935 0.618 2.798 0.955 0.662 2.489 0.05 qd_soft ~yacht [50] 1 1
58 1 30 50 160.0 5.0 0.903 0.396 2.233 0.971 0.438 2.085 0.05 qd_soft ~yacht [50] 1 1
59 1 30 50 160.0 15.0 0.903 0.859 3.638 0.924 1.078 2.697 0.05 qd_soft ~yacht [50] 1 1
60 1 30 50 160.0 25.0 0.935 0.971 3.704 0.921 1.017 2.445 0.05 qd_soft ~yacht [50] 1 1
61 1 30 50 200.0 5.0 0.903 0.431 2.186 0.973 0.486 1.823 0.05 qd_soft ~yacht [50] 1 1
62 1 30 50 200.0 15.0 0.968 0.744 3.466 0.931 0.727 2.16 0.05 qd_soft ~yacht [50] 1 1
63 1 30 50 200.0 25.0 0.968 1.128 5.047 0.854 1.162 2.972 0.05 qd_soft ~yacht [50] 1 1
64 1 30 75 100.0 5.0 0.968 0.286 0.933 0.995 0.284 1.178 0.05 qd_soft ~yacht [75] 1 1
65 1 30 75 100.0 15.0 0.968 0.669 2.539 0.963 0.685 1.965 0.05 qd_soft ~yacht [75] 1 1
66 1 30 75 100.0 25.0 0.968 0.724 2.18 0.973 0.723 2.14 0.05 qd_soft ~yacht [75] 1 1
67 1 30 75 160.0 5.0 0.871 0.391 2.319 0.969 0.577 5.63 0.05 qd_soft ~yacht [75] 1 1
68 1 30 75 160.0 15.0 0.935 0.651 2.251 0.971 0.685 2.075 0.05 qd_soft ~yacht [75] 1 1
69 1 30 75 160.0 25.0 0.935 0.838 2.856 0.953 0.875 2.315 0.05 qd_soft ~yacht [75] 1 1
70 1 30 75 200.0 5.0 0.935 0.529 2.903 0.952 0.524 1.883 0.05 qd_soft ~yacht [75] 1 1
71 1 30 75 200.0 15.0 0.968 0.692 2.681 0.959 0.71 2.099 0.05 qd_soft ~yacht [75] 1 1
72 1 30 75 200.0 25.0 0.935 1.375 5.524 0.825 1.396 3.064 0.05 qd_soft ~yacht [75] 1 1
73 1 30 100 100.0 5.0 1.0 0.249 0.797 0.996 0.249 1.068 0.05 qd_soft ~yacht [100] 1 1
74 1 30 100 100.0 15.0 1.0 0.997 2.99 0.949 0.996 2.478 0.05 qd_soft ~yacht [100] 1 1
75 1 30 100 100.0 25.0 1.0 1.022 4.477 0.885 1.022 2.742 0.05 qd_soft ~yacht [100] 1 1
76 1 30 100 160.0 5.0 0.871 0.239 1.251 0.991 0.412 1.315 0.05 qd_soft ~yacht [100] 1 1
77 1 30 100 160.0 15.0 0.935 0.549 2.376 0.968 0.567 2.038 0.05 qd_soft ~yacht [100] 1 1
78 1 30 100 160.0 25.0 1.0 0.703 2.557 0.962 0.703 2.027 0.05 qd_soft ~yacht [100] 1 1
79 1 30 100 200.0 5.0 1.0 0.403 1.245 0.991 0.403 1.421 0.05 qd_soft ~yacht [100] 1 1
80 1 30 100 200.0 15.0 0.968 0.761 2.235 0.971 0.778 2.096 0.05 qd_soft ~yacht [100] 1 1
81 1 30 100 200.0 25.0 0.903 1.034 3.731 0.92 1.365 2.794 0.05 qd_soft ~yacht [100] 1 1
82 2 10 50 100.0 5.0 0.903 0.209 0.825 0.996 0.275 1.018 0.05 qd_soft ~yacht [50] 1 1
83 2 10 50 100.0 15.0 1.0 0.503 1.775 0.981 0.503 1.791 0.05 qd_soft ~yacht [50] 1 1
84 2 10 50 100.0 25.0 0.935 0.606 2.742 0.955 0.644 2.078 0.05 qd_soft ~yacht [50] 1 1
85 2 10 50 160.0 5.0 0.903 0.243 1.485 0.987 0.303 1.783 0.05 qd_soft ~yacht [50] 1 1
86 2 10 50 160.0 15.0 0.968 0.987 3.742 0.917 1.014 2.739 0.05 qd_soft ~yacht [50] 1 1
87 2 10 50 160.0 25.0 1.0 1.358 3.688 0.919 1.358 2.722 0.05 qd_soft ~yacht [50] 1 1
88 2 10 50 200.0 5.0 0.935 0.345 1.444 0.988 0.348 1.565 0.05 qd_soft ~yacht [50] 1 1
89 2 10 50 200.0 15.0 0.903 0.815 3.707 0.918 1.028 2.723 0.05 qd_soft ~yacht [50] 1 1
90 2 10 50 200.0 25.0 0.903 0.81 3.547 0.925 1.156 16.232 0.05 qd_soft ~yacht [50] 1 1
91 2 10 75 100.0 5.0 1.0 0.222 0.808 0.996 0.222 0.995 0.05 qd_soft ~yacht [75] 1 1
92 2 10 75 100.0 15.0 1.0 0.767 1.935 0.978 0.767 2.087 0.05 qd_soft ~yacht [75] 1 1
93 2 10 75 100.0 25.0 0.935 0.522 1.581 0.985 0.569 2.017 0.05 qd_soft ~yacht [75] 1 1
94 2 10 75 160.0 5.0 1.0 0.851 2.733 0.956 0.851 2.404 0.05 qd_soft ~yacht [75] 1 1
95 2 10 75 160.0 15.0 1.0 0.537 1.531 0.986 0.537 1.743 0.05 qd_soft ~yacht [75] 1 1
96 2 10 75 160.0 25.0 0.968 0.873 2.909 0.95 0.885 2.579 0.05 qd_soft ~yacht [75] 1 1
97 2 10 75 200.0 5.0 0.968 0.321 1.427 0.988 0.317 1.308 0.05 qd_soft ~yacht [75] 1 1
98 2 10 75 200.0 15.0 0.968 0.664 2.636 0.959 0.654 2.091 0.05 qd_soft ~yacht [75] 1 1
99 2 10 75 200.0 25.0 0.935 1.298 3.307 0.935 1.353 2.809 0.05 qd_soft ~yacht [75] 1 1
100 2 10 100 100.0 5.0 1.0 0.278 0.598 0.998 0.278 1.045 0.05 qd_soft ~yacht [100] 1 1
101 2 10 100 100.0 15.0 1.0 1.021 3.396 0.931 1.021 2.536 0.05 qd_soft ~yacht [100] 1 1
102 2 10 100 100.0 25.0 0.871 1.271 6.075 0.781 2.29 3.682 0.05 qd_soft ~yacht [100] 1 1
103 2 10 100 160.0 5.0 1.0 0.402 0.976 0.994 0.402 1.469 0.05 qd_soft ~yacht [100] 1 1
104 2 10 100 160.0 15.0 1.0 0.636 1.576 0.985 0.636 1.918 0.05 qd_soft ~yacht [100] 1 1
105 2 10 100 160.0 25.0 0.968 0.907 3.333 0.934 0.903 2.506 0.05 qd_soft ~yacht [100] 1 1
106 2 10 100 200.0 5.0 0.935 0.411 2.006 0.976 0.414 1.867 0.05 qd_soft ~yacht [100] 1 1
107 2 10 100 200.0 15.0 1.0 0.826 2.584 0.96 0.826 2.187 0.05 qd_soft ~yacht [100] 1 1
108 2 10 100 200.0 25.0 0.903 0.898 3.333 0.934 1.226 2.647 0.05 qd_soft ~yacht [100] 1 1
109 2 20 50 100.0 5.0 1.0 0.325 1.064 0.993 0.325 1.399 0.05 qd_soft ~yacht [50] 1 1
110 2 20 50 100.0 15.0 1.0 0.456 1.639 0.984 0.456 1.824 0.05 qd_soft ~yacht [50] 1 1
111 2 20 50 100.0 25.0 1.0 0.607 2.114 0.973 0.607 1.93 0.05 qd_soft ~yacht [50] 1 1
112 2 20 50 160.0 5.0 0.968 0.379 1.439 0.988 0.38 1.539 0.05 qd_soft ~yacht [50] 1 1
113 2 20 50 160.0 15.0 0.935 0.553 2.536 0.962 0.555 1.922 0.05 qd_soft ~yacht [50] 1 1
114 2 20 50 160.0 25.0 0.903 0.625 2.888 0.95 0.938 6.108 0.05 qd_soft ~yacht [50] 1 1
115 2 20 50 200.0 5.0 0.903 0.48 3.816 0.913 0.528 2.251 0.05 qd_soft ~yacht [50] 1 1
116 2 20 50 200.0 15.0 0.871 0.884 4.084 0.901 1.404 2.757 0.05 qd_soft ~yacht [50] 1 1
117 2 20 50 200.0 25.0 0.968 0.946 2.909 0.95 0.934 2.376 0.05 qd_soft ~yacht [50] 1 1
118 2 20 75 100.0 5.0 1.0 0.247 0.869 0.996 0.247 0.996 0.05 qd_soft ~yacht [75] 1 1
119 2 20 75 100.0 15.0 0.968 0.284 1.116 0.993 0.29 1.298 0.05 qd_soft ~yacht [75] 1 1
120 2 20 75 100.0 25.0 0.968 0.404 1.722 0.982 0.389 1.526 0.05 qd_soft ~yacht [75] 1 1
121 2 20 75 160.0 5.0 0.935 0.513 1.783 0.981 0.547 1.815 0.05 qd_soft ~yacht [75] 1 1
122 2 20 75 160.0 15.0 0.935 0.599 1.825 0.98 0.648 2.233 0.05 qd_soft ~yacht [75] 1 1
123 2 20 75 160.0 25.0 0.903 0.942 2.729 0.956 1.288 2.723 0.05 qd_soft ~yacht [75] 1 1
124 2 20 75 200.0 5.0 0.935 0.399 2.664 0.958 0.384 1.653 0.05 qd_soft ~yacht [75] 1 1
125 2 20 75 200.0 15.0 0.935 0.496 2.173 0.972 0.504 1.846 0.05 qd_soft ~yacht [75] 1 1
126 2 20 75 200.0 25.0 1.0 1.047 2.416 0.965 1.047 2.364 0.05 qd_soft ~yacht [75] 1 1
127 2 20 100 100.0 5.0 1.0 0.278 0.606 0.998 0.278 1.065 0.05 qd_soft ~yacht [100] 1 1
128 2 20 100 100.0 15.0 0.968 0.514 1.259 0.991 0.528 1.807 0.05 qd_soft ~yacht [100] 1 1
129 2 20 100 100.0 25.0 0.968 0.636 1.925 0.978 0.634 1.991 0.05 qd_soft ~yacht [100] 1 1
130 2 20 100 160.0 5.0 0.935 0.533 1.924 0.978 0.561 2.101 0.05 qd_soft ~yacht [100] 1 1
131 2 20 100 160.0 15.0 0.871 0.903 3.486 0.928 1.531 3.019 0.05 qd_soft ~yacht [100] 1 1
132 2 20 100 160.0 25.0 0.935 0.92 3.183 0.94 0.952 2.357 0.05 qd_soft ~yacht [100] 1 1
133 2 20 100 200.0 5.0 0.903 0.295 1.365 0.989 0.363 1.76 0.05 qd_soft ~yacht [100] 1 1
134 2 20 100 200.0 15.0 1.0 0.673 1.911 0.978 0.673 2.088 0.05 qd_soft ~yacht [100] 1 1
135 2 20 100 200.0 25.0 0.935 0.776 2.53 0.962 0.82 2.22 0.05 qd_soft ~yacht [100] 1 1
136 2 30 50 100.0 5.0 0.968 0.246 0.744 0.997 0.251 1.007 0.05 qd_soft ~yacht [50] 1 1
137 2 30 50 100.0 15.0 1.0 0.44 1.818 0.98 0.44 1.537 0.05 qd_soft ~yacht [50] 1 1
138 2 30 50 100.0 25.0 0.968 0.59 2.674 0.958 0.585 2.269 0.05 qd_soft ~yacht [50] 1 1
139 2 30 50 160.0 5.0 0.935 0.348 1.706 0.983 0.361 1.45 0.05 qd_soft ~yacht [50] 1 1
140 2 30 50 160.0 15.0 1.0 0.681 2.383 0.966 0.681 2.095 0.05 qd_soft ~yacht [50] 1 1
141 2 30 50 160.0 25.0 0.968 0.735 3.058 0.944 0.729 2.125 0.05 qd_soft ~yacht [50] 1 1
142 2 30 50 200.0 5.0 0.935 0.408 2.425 0.965 0.394 1.648 0.05 qd_soft ~yacht [50] 1 1
143 2 30 50 200.0 15.0 0.968 0.678 2.873 0.951 0.673 2.098 0.05 qd_soft ~yacht [50] 1 1
144 2 30 50 200.0 25.0 0.903 1.079 4.162 0.897 1.455 178.478 0.05 qd_soft ~yacht [50] 1 1
145 2 30 75 100.0 5.0 1.0 0.534 1.552 0.986 0.534 1.962 0.05 qd_soft ~yacht [75] 1 1
146 2 30 75 100.0 15.0 0.968 0.417 1.458 0.987 0.423 1.661 0.05 qd_soft ~yacht [75] 1 1
147 2 30 75 100.0 25.0 1.0 1.131 4.299 0.89 1.131 2.679 0.05 qd_soft ~yacht [75] 1 1
148 2 30 75 160.0 5.0 0.935 0.264 1.105 0.993 0.266 1.146 0.05 qd_soft ~yacht [75] 1 1
149 2 30 75 160.0 15.0 0.903 0.744 2.548 0.961 0.976 2.426 0.05 qd_soft ~yacht [75] 1 1
150 2 30 75 160.0 25.0 0.774 0.74 4.927 0.856 5.039 2.978 0.05 qd_soft ~yacht [75] 1 1
151 2 30 75 200.0 5.0 1.0 0.473 1.156 0.992 0.473 1.555 0.05 qd_soft ~yacht [75] 1 1
152 2 30 75 200.0 15.0 0.968 0.744 2.669 0.958 0.727 2.112 0.05 qd_soft ~yacht [75] 1 1
153 2 30 75 200.0 25.0 0.935 1.062 2.926 0.949 1.137 2.65 0.05 qd_soft ~yacht [75] 1 1
154 2 30 100 100.0 5.0 1.0 0.212 0.706 0.997 0.212 0.893 0.05 qd_soft ~yacht [100] 1 1
155 2 30 100 100.0 15.0 1.0 0.789 2.422 0.965 0.789 2.309 0.05 qd_soft ~yacht [100] 1 1
156 2 30 100 100.0 25.0 0.968 0.872 2.331 0.968 0.872 2.37 0.05 qd_soft ~yacht [100] 1 1
157 2 30 100 160.0 5.0 1.0 0.226 0.639 0.998 0.226 0.85 0.05 qd_soft ~yacht [100] 1 1
158 2 30 100 160.0 15.0 1.0 0.611 1.936 0.978 0.611 2.073 0.05 qd_soft ~yacht [100] 1 1
159 2 30 100 160.0 25.0 1.0 0.703 1.585 0.985 0.703 1.932 0.05 qd_soft ~yacht [100] 1 1
160 2 30 100 200.0 5.0 0.968 0.295 1.213 0.991 0.287 1.218 0.05 qd_soft ~yacht [100] 1 1
161 2 30 100 200.0 15.0 1.0 0.992 2.896 0.95 0.992 2.288 0.05 qd_soft ~yacht [100] 1 1
162 2 30 100 200.0 25.0 0.968 0.832 2.792 0.954 0.828 2.25 0.05 qd_soft ~yacht [100] 1 1
163 3 10 50 100.0 5.0 0.935 0.361 2.245 0.98 0.347 1.783 0.05 qd_soft ~yacht [50] 1 1
164 3 10 50 100.0 15.0 0.935 0.447 2.963 0.964 0.417 1.77 0.05 qd_soft ~yacht [50] 1 1
165 3 10 50 100.0 25.0 1.0 1.314 5.38 0.883 1.314 2.962 0.05 qd_soft ~yacht [50] 1 1
166 3 10 50 160.0 5.0 0.968 0.505 3.043 0.963 0.484 1.94 0.05 qd_soft ~yacht [50] 1 1
167 3 10 50 160.0 15.0 0.903 0.827 5.28 0.887 0.921 2.448 0.05 qd_soft ~yacht [50] 1 1
168 3 10 50 160.0 25.0 0.935 0.802 4.568 0.916 0.788 2.361 0.05 qd_soft ~yacht [50] 1 1
169 3 10 50 200.0 5.0 0.968 0.527 2.982 0.964 0.511 1.867 0.05 qd_soft ~yacht [50] 1 1
170 3 10 50 200.0 15.0 0.871 0.745 4.637 0.913 1.239 2.648 0.05 qd_soft ~yacht [50] 1 1
171 3 10 50 200.0 25.0 0.935 1.191 5.586 0.874 1.225 3.032 0.05 qd_soft ~yacht [50] 1 1
172 3 10 75 100.0 5.0 0.903 0.256 1.876 0.986 0.289 1.514 0.05 qd_soft ~yacht [75] 1 1
173 3 10 75 100.0 15.0 0.968 0.757 2.79 0.969 0.749 2.122 0.05 qd_soft ~yacht [75] 1 1
174 3 10 75 100.0 25.0 0.935 0.799 2.741 0.97 0.874 2.449 0.05 qd_soft ~yacht [75] 1 1
175 3 10 75 160.0 5.0 0.968 0.386 1.951 0.985 0.374 1.631 0.05 qd_soft ~yacht [75] 1 1
176 3 10 75 160.0 15.0 0.806 0.588 3.53 0.95 2.318 2.632 0.05 qd_soft ~yacht [75] 1 1
177 3 10 75 160.0 25.0 0.968 0.68 3.647 0.946 0.686 2.176 0.05 qd_soft ~yacht [75] 1 1
178 3 10 75 200.0 5.0 0.935 0.384 2.571 0.973 0.383 1.723 0.05 qd_soft ~yacht [75] 1 1
179 3 10 75 200.0 15.0 0.839 0.582 3.662 0.946 1.628 2.571 0.05 qd_soft ~yacht [75] 1 1
180 3 10 75 200.0 25.0 0.871 0.914 5.61 0.873 1.839 3.343 0.05 qd_soft ~yacht [75] 1 1
181 3 10 100 100.0 5.0 0.903 0.353 1.817 0.987 0.422 1.842 0.05 qd_soft ~yacht [100] 1 1
182 3 10 100 100.0 15.0 0.968 0.849 2.884 0.966 0.874 2.34 0.05 qd_soft ~yacht [100] 1 1
183 3 10 100 100.0 25.0 0.935 0.603 3.549 0.949 0.61 2.507 0.05 qd_soft ~yacht [100] 1 1
184 3 10 100 160.0 5.0 0.935 0.368 2.341 0.978 0.367 1.755 0.05 qd_soft ~yacht [100] 1 1
185 3 10 100 160.0 15.0 0.806 0.467 3.776 0.942 2.157 2.356 0.05 qd_soft ~yacht [100] 1 1
186 3 10 100 160.0 25.0 1.0 1.092 4.004 0.935 1.092 2.473 0.05 qd_soft ~yacht [100] 1 1
187 3 10 100 200.0 5.0 0.968 0.542 2.68 0.971 0.529 1.91 0.05 qd_soft ~yacht [100] 1 1
188 3 10 100 200.0 15.0 0.839 0.412 2.872 0.967 1.412 1.92 0.05 qd_soft ~yacht [100] 1 1
189 3 10 100 200.0 25.0 0.871 1.062 4.945 0.901 1.979 2.958 0.05 qd_soft ~yacht [100] 1 1
190 3 20 50 100.0 5.0 0.935 0.338 1.769 0.987 0.323 1.451 0.05 qd_soft ~yacht [50] 1 1
191 3 20 50 100.0 15.0 0.935 0.424 2.943 0.965 0.402 1.902 0.05 qd_soft ~yacht [50] 1 1
192 3 20 50 100.0 25.0 0.968 0.458 3.182 0.959 0.43 1.7 0.05 qd_soft ~yacht [50] 1 1
193 3 20 50 160.0 5.0 0.903 0.419 2.134 0.982 0.483 1.732 0.05 qd_soft ~yacht [50] 1 1
194 3 20 50 160.0 15.0 0.871 0.806 5.026 0.898 1.291 2.807 0.05 qd_soft ~yacht [50] 1 1
195 3 20 50 160.0 25.0 0.935 0.767 4.357 0.923 0.795 3.019 0.05 qd_soft ~yacht [50] 1 1
196 3 20 50 200.0 5.0 0.806 0.448 2.802 0.968 0.98 2.101 0.05 qd_soft ~yacht [50] 1 1
197 3 20 50 200.0 15.0 0.839 0.505 4.324 0.924 1.508 2.151 0.05 qd_soft ~yacht [50] 1 1
198 3 20 50 200.0 25.0 0.742 0.752 5.715 0.868 6.858 7.546 0.05 qd_soft ~yacht [50] 1 1
199 3 20 75 100.0 5.0 0.871 0.227 2.039 0.983 0.374 1.324 0.05 qd_soft ~yacht [75] 1 1
200 3 20 75 100.0 15.0 0.903 0.501 2.861 0.967 0.672 2.353 0.05 qd_soft ~yacht [75] 1 1
201 3 20 75 100.0 25.0 1.0 1.096 4.433 0.92 1.096 2.844 0.05 qd_soft ~yacht [75] 1 1
202 3 20 75 160.0 5.0 0.871 0.348 2.427 0.976 0.521 1.787 0.05 qd_soft ~yacht [75] 1 1
203 3 20 75 160.0 15.0 0.903 0.648 4.199 0.929 0.831 2.279 0.05 qd_soft ~yacht [75] 1 1
204 3 20 75 160.0 25.0 0.903 0.722 4.368 0.923 1.047 2.68 0.05 qd_soft ~yacht [75] 1 1
205 3 20 75 200.0 5.0 0.968 0.493 2.696 0.971 0.475 2.159 0.05 qd_soft ~yacht [75] 1 1
206 3 20 75 200.0 15.0 0.839 0.549 4.667 0.912 1.537 2.712 0.05 qd_soft ~yacht [75] 1 1
207 3 20 75 200.0 25.0 0.903 0.92 5.017 0.898 1.237 4.12 0.05 qd_soft ~yacht [75] 1 1
208 3 20 100 100.0 5.0 0.903 0.368 1.816 0.987 0.442 2.011 0.05 qd_soft ~yacht [100] 1 1
209 3 20 100 100.0 15.0 1.0 0.713 1.477 0.991 0.713 1.997 0.05 qd_soft ~yacht [100] 1 1
210 3 20 100 100.0 25.0 1.0 1.187 3.461 0.952 1.187 2.669 0.05 qd_soft ~yacht [100] 1 1
211 3 20 100 160.0 5.0 0.839 0.241 1.757 0.988 0.568 1.356 0.05 qd_soft ~yacht [100] 1 1
212 3 20 100 160.0 15.0 0.871 0.488 3.883 0.939 0.961 2.21 0.05 qd_soft ~yacht [100] 1 1
213 3 20 100 160.0 25.0 0.871 0.71 4.396 0.922 1.57 2.498 0.05 qd_soft ~yacht [100] 1 1
214 3 20 100 200.0 5.0 0.903 0.404 3.569 0.948 0.415 2.021 0.05 qd_soft ~yacht [100] 1 1
215 3 20 100 200.0 15.0 0.935 0.795 3.391 0.953 0.777 2.269 0.05 qd_soft ~yacht [100] 1 1
216 3 20 100 200.0 25.0 0.839 0.861 5.518 0.877 2.625 2.828 0.05 qd_soft ~yacht [100] 1 1
217 3 30 50 100.0 5.0 0.968 0.313 2.002 0.984 0.295 1.375 0.05 qd_soft ~yacht [50] 1 1
218 3 30 50 100.0 15.0 1.0 0.485 2.164 0.981 0.485 1.689 0.05 qd_soft ~yacht [50] 1 1
219 3 30 50 100.0 25.0 0.935 0.736 4.199 0.929 0.713 2.428 0.05 qd_soft ~yacht [50] 1 1
220 3 30 50 160.0 5.0 0.903 0.485 2.991 0.964 0.523 1.94 0.05 qd_soft ~yacht [50] 1 1
221 3 30 50 160.0 15.0 0.903 0.622 3.292 0.956 0.821 2.253 0.05 qd_soft ~yacht [50] 1 1
222 3 30 50 160.0 25.0 0.871 0.928 5.935 0.857 1.727 2.967 0.05 qd_soft ~yacht [50] 1 1
223 3 30 50 200.0 5.0 0.968 0.665 3.839 0.94 0.642 2.222 0.05 qd_soft ~yacht [50] 1 1
224 3 30 50 200.0 15.0 0.806 0.527 3.748 0.943 2.241 2.474 0.05 qd_soft ~yacht [50] 1 1
225 3 30 50 200.0 25.0 0.806 0.719 4.97 0.9 3.576 6.2 0.05 qd_soft ~yacht [50] 1 1
226 3 30 75 100.0 5.0 0.903 0.261 1.78 0.987 0.317 1.451 0.05 qd_soft ~yacht [75] 1 1
227 3 30 75 100.0 15.0 0.871 0.368 2.175 0.981 0.901 142.419 0.05 qd_soft ~yacht [75] 1 1
228 3 30 75 100.0 25.0 0.871 0.473 3.443 0.952 1.277 2.039 0.05 qd_soft ~yacht [75] 1 1
229 3 30 75 160.0 5.0 0.871 0.509 2.208 0.98 0.688 2.108 0.05 qd_soft ~yacht [75] 1 1
230 3 30 75 160.0 15.0 0.903 0.627 3.746 0.943 0.808 2.551 0.05 qd_soft ~yacht [75] 1 1
231 3 30 75 160.0 25.0 0.71 0.722 4.712 0.91 8.88 4.571 0.05 qd_soft ~yacht [75] 1 1
232 3 30 75 200.0 5.0 0.839 0.463 3.168 0.959 0.792 2.841 0.05 qd_soft ~yacht [75] 1 1
233 3 30 75 200.0 15.0 0.935 0.677 4.026 0.934 0.658 2.335 0.05 qd_soft ~yacht [75] 1 1
234 3 30 75 200.0 25.0 0.871 0.668 3.735 0.944 1.562 2.275 0.05 qd_soft ~yacht [75] 1 1
235 3 30 100 100.0 5.0 0.935 0.292 1.527 0.991 0.287 1.4 0.05 qd_soft ~yacht [100] 1 1
236 3 30 100 100.0 15.0 0.871 0.513 3.002 0.964 1.012 2.187 0.05 qd_soft ~yacht [100] 1 1
237 3 30 100 100.0 25.0 0.903 0.484 2.111 0.982 0.788 1.999 0.05 qd_soft ~yacht [100] 1 1
238 3 30 100 160.0 5.0 0.871 0.285 2.732 0.97 0.457 1.567 0.05 qd_soft ~yacht [100] 1 1
239 3 30 100 160.0 15.0 0.871 0.568 2.615 0.972 1.104 2.278 0.05 qd_soft ~yacht [100] 1 1
240 3 30 100 160.0 25.0 0.935 1.007 4.231 0.928 1.017 2.496 0.05 qd_soft ~yacht [100] 1 1
241 3 30 100 200.0 5.0 0.903 0.346 3.444 0.952 0.335 1.583 0.05 qd_soft ~yacht [100] 1 1
242 3 30 100 200.0 15.0 0.903 0.478 3.554 0.949 0.611 1.968 0.05 qd_soft ~yacht [100] 1 1
243 3 30 100 200.0 25.0 0.903 0.939 4.295 0.925 1.286 7.182 0.05 qd_soft ~yacht [100] 1 1
