3.285269141197204590e-01
2.508955299854278564e-01
8.431408554315567017e-03
1.676193326711654663e-01
9.937684051692485809e-03
1.591389812529087067e-02
1.098855212330818176e-02
7.706064730882644653e-02
2.124805003404617310e-02
2.980535104870796204e-02
6.132590770721435547e-02
2.367324754595756531e-02
7.017076946794986725e-03
1.620752923190593719e-02
3.728264570236206055e-02
2.569149620831012726e-02
7.102143764495849609e-02
2.379674650728702545e-02
4.092643409967422485e-02
8.521215990185737610e-03
1.068304665386676788e-02
9.124637581408023834e-03
3.012323379516601562e-02
2.111300826072692871e-02
1.015410758554935455e-02
1.041510142385959625e-02
9.027914144098758698e-03
1.476582046598196030e-02
8.725249208509922028e-03
1.164386142045259476e-02
1.220824569463729858e-02
8.583334088325500488e-02
1.027876697480678558e-02
1.235416531562805176e-02
1.408231817185878754e-02
8.786712773144245148e-03
1.361232809722423553e-02
2.408410608768463135e-02
1.928613334894180298e-02
9.421548806130886078e-03
2.134237997233867645e-02
2.279920279979705811e-01
2.514898590743541718e-02
2.305228076875209808e-02
1.350623182952404022e-02
3.789092600345611572e-02
6.716990470886230469e-01
2.412353828549385071e-02
1.702111028134822845e-02
2.328452467918395996e-02
1.228758972138166428e-02
2.207748778164386749e-02
8.985778316855430603e-03
3.568311780691146851e-02
8.026711642742156982e-02
2.093405090272426605e-02
2.674576826393604279e-02
1.370972543954849243e-01
1.600535772740840912e-02
2.347552590072154999e-02
1.735625229775905609e-02
1.060911566019058228e-01
7.747431285679340363e-03
5.994706973433494568e-02
5.386076495051383972e-02
2.079759389162063599e-01
1.172192208468914032e-02
1.976552046835422516e-02
2.743697166442871094e-02
2.321633994579315186e-01
1.140480712056159973e-01
1.078195497393608093e-01
1.536375191062688828e-02
1.265440043061971664e-02
3.727646768093109131e-01
1.851198263466358185e-02
5.092790350317955017e-02
8.709655143320560455e-03
8.848334848880767822e-02
4.320429638028144836e-03
3.241153806447982788e-02
1.784719713032245636e-02
4.690726399421691895e-01
2.121088802814483643e-01
2.955516614019870758e-02
9.241068735718727112e-03
1.713103055953979492e-02
1.355206221342086792e-01
6.578709483146667480e-01
6.352275609970092773e-02
2.157257124781608582e-02
7.284703198820352554e-03
2.703841403126716614e-02
2.799537777900695801e-02
9.663184173405170441e-03
1.518556009978055954e-02
3.584682196378707886e-02
1.412869337946176529e-02
1.241170894354581833e-02
2.452304400503635406e-02
1.018358301371335983e-02
1.062099076807498932e-02
4.270645231008529663e-02
2.796009741723537445e-02
1.266198977828025818e-02
1.335137616842985153e-02
2.211789973080158234e-02
6.556189060211181641e-02
1.859399117529392242e-02
1.278472691774368286e-02
2.360409684479236603e-02
1.714569777250289917e-01
7.532158493995666504e-02
4.539227485656738281e-02
1.250756904482841492e-02
1.906113326549530029e-02
1.140662562102079391e-02
1.130951195955276489e-02
9.585789404809474945e-03
1.111843530088663101e-02
1.570220291614532471e-02
2.969701215624809265e-02
8.623350411653518677e-03
1.181947719305753708e-02
1.501582097262144089e-02
1.216455549001693726e-02
3.977235779166221619e-02
1.028631106019020081e-01
2.657306008040904999e-02
2.314845100045204163e-02
1.317362673580646515e-02
7.310903072357177734e-02
1.087271049618721008e-02
3.174862861633300781e-01
7.888772338628768921e-02
1.084459386765956879e-02
1.703491993248462677e-02
4.821150563657283783e-03
1.664235293865203857e-01
1.133595965802669525e-02
2.632348239421844482e-02
8.746673911809921265e-02
1.545424163341522217e-01
2.315300330519676208e-02
7.808387745171785355e-03
1.634872332215309143e-02
8.018030226230621338e-02
1.084840204566717148e-02
2.470932714641094208e-02
2.353938855230808258e-02
5.639076605439186096e-02
2.261254377663135529e-02
1.165065262466669083e-02
1.518216729164123535e-02
1.316191349178552628e-02
1.800602301955223083e-02
1.805198192596435547e-02
1.277500297874212265e-02
3.182657435536384583e-02
1.071810629218816757e-02
2.919564023613929749e-02
5.296283215284347534e-02
8.455205708742141724e-03
3.164090216159820557e-02
5.499076563864946365e-03
2.153876237571239471e-02
1.517768017947673798e-02
1.470493804663419724e-02
1.623712666332721710e-02
2.745606750249862671e-02
2.151989564299583435e-02
1.280953828245401382e-02
1.686945855617523193e-01
1.248954329639673233e-02
1.759027130901813507e-02
1.059681363403797150e-02
8.058149218559265137e-01
1.352298166602849960e-02
2.015431411564350128e-02
8.855076879262924194e-02
1.804962195456027985e-02
1.099351570010185242e-01
1.024674903601408005e-02
2.427085302770137787e-02
1.501162443310022354e-02
1.049197185784578323e-02
6.046999096870422363e-01
4.557109996676445007e-02
2.901348471641540527e-01
1.084412913769483566e-02
1.431379746645689011e-02
2.738905139267444611e-02
2.806771397590637207e-01
1.149075403809547424e-01
1.346729844808578491e-01
1.232872251421213150e-02
1.026985887438058853e-02
1.545650213956832886e-01
1.104746758937835693e-02
1.202072389423847198e-02
1.103494539856910706e-01
1.057837437838315964e-02
2.350537292659282684e-02
5.070518851280212402e-01
7.171916961669921875e-02
5.704328790307044983e-02
7.980981841683387756e-03
3.357604518532752991e-02
1.085339039564132690e-01
2.001765184104442596e-02
1.007072627544403076e-01
7.918223738670349121e-03
1.704009063541889191e-02
1.999759860336780548e-02
1.620892807841300964e-02
5.798896402120590210e-02
2.885968424379825592e-02
2.391958236694335938e-02
8.908539265394210815e-02
1.187891811132431030e-01
1.953031867742538452e-02
2.338434755802154541e-02
2.187903411686420441e-02
1.074231509119272232e-02
7.130693197250366211e-01
1.421410404145717621e-02
2.197587676346302032e-02
2.612051554024219513e-02
2.882143259048461914e-01
9.329357184469699860e-03
1.020464673638343811e-02
7.593673467636108398e-02
9.968078695237636566e-03
1.305175386369228363e-02
2.404255978763103485e-02
7.700769696384668350e-03
1.759214326739311218e-02
1.268530264496803284e-02
2.348214387893676758e-01
1.016269564628601074e+00
3.140590339899063110e-02
1.309161446988582611e-02
9.644646197557449341e-03
7.614076137542724609e-02
2.964601479470729828e-02
2.160203829407691956e-02
1.586258038878440857e-02
2.005140334367752075e-01
2.800814621150493622e-02
4.772660788148641586e-03
2.355605959892272949e-01
5.481368303298950195e-02
1.374430302530527115e-02
6.109224557876586914e-01
2.551101148128509521e-01
4.826343804597854614e-02
1.128197275102138519e-02
8.836203254759311676e-03
2.097682282328605652e-02
8.664476685225963593e-03
9.713803417980670929e-03
6.907593924552202225e-03
5.828287824988365173e-02
2.455997280776500702e-02
9.257365018129348755e-02
1.224819198250770569e-02
2.969170175492763519e-02
2.217351458966732025e-02
3.840461373329162598e-03
2.620376273989677429e-02
5.994706973433494568e-02
3.757083788514137268e-02
1.683744974434375763e-02
1.926853954792022705e-01
2.818189002573490143e-02
1.107593905180692673e-02
3.313516452908515930e-02
1.946263760328292847e-02
2.231898531317710876e-02
1.175182033330202103e-02
1.995185166597366333e-01
1.224723830819129944e-01
8.529112488031387329e-02
2.885544486343860626e-02
2.210872061550617218e-02
1.465180609375238419e-02
2.129754796624183655e-02
1.882136054337024689e-02
1.204238925129175186e-02
3.477751910686492920e-01
1.544851623475551605e-02
2.636968195438385010e-01
2.281009964644908905e-02
2.601999603211879730e-02
9.436884894967079163e-03
2.870066650211811066e-02
1.529403869062662125e-02
2.820398285984992981e-02
1.094210892915725708e-02
1.241506170481443405e-02
1.116104647517204285e-01
9.395481087267398834e-03
1.843924634158611298e-02
1.236019358038902283e-01
2.344889380037784576e-02
1.583581790328025818e-02
2.515002489089965820e-01
6.698086857795715332e-03
1.040908787399530411e-02
1.088768988847732544e-02
8.504549972712993622e-03
9.167144447565078735e-02
2.328403852880001068e-02
7.938196510076522827e-02
1.031462568789720535e-02
3.254263848066329956e-02
9.496393613517284393e-03
6.767365150153636932e-03
1.404620613902807236e-02
6.296604871749877930e-02
9.413373656570911407e-03
1.202096045017242432e-02
1.939023472368717194e-02
8.898840285837650299e-03
6.882560253143310547e-02
2.648512832820415497e-02
1.305852364748716354e-02
8.611090481281280518e-03
7.922228425741195679e-03
1.617006026208400726e-02
1.073511969298124313e-02
1.048003416508436203e-02
6.043990850448608398e-01
1.604419760406017303e-02
2.352438680827617645e-02
1.172753702849149704e-02
8.611591532826423645e-03
2.353981696069240570e-02
1.565685570240020752e-01
3.178322687745094299e-02
1.056454051285982132e-02
2.272460237145423889e-02
3.598363697528839111e-02
3.616916388273239136e-02
1.014108676463365555e-02
2.267944253981113434e-02
1.137134432792663574e-02
1.348866801708936691e-02
1.762210950255393982e-02
2.575267106294631958e-02
2.239547111093997955e-02
1.523518376052379608e-02
7.934395223855972290e-03
1.339366286993026733e-02
1.432401686906814575e-02
1.152294222265481949e-02
6.237449645996093750e-01
1.213722303509712219e-02
3.849965706467628479e-02
1.065588276833295822e-02
2.443559095263481140e-02
2.273320034146308899e-02
1.191233471035957336e-02
2.622043155133724213e-02
9.451892226934432983e-03
1.278315391391515732e-02
1.106222160160541534e-02
8.639016002416610718e-02
8.085717447102069855e-03
2.233941704034805298e-01
1.371456962078809738e-02
8.481453172862529755e-03
1.048100646585226059e-02
1.308674085885286331e-02
3.130633756518363953e-02
1.341041326522827148e-01
1.425882130861282349e-01
2.245866507291793823e-02
4.102880507707595825e-02
2.614503502845764160e-01
9.207173436880111694e-02
2.112945541739463806e-02
2.982764318585395813e-02
2.418735809624195099e-02
1.269848085939884186e-02
1.078688260167837143e-02
2.443895675241947174e-02
1.436543278396129608e-02
1.516923867166042328e-02
1.359007228165864944e-02
8.568795397877693176e-03
3.500032052397727966e-02
1.295618060976266861e-02
9.819120913743972778e-02
1.916968449950218201e-02
1.469153538346290588e-02
1.133137475699186325e-02
2.512505277991294861e-02
1.993750333786010742e-01
7.415321189910173416e-03
2.613868378102779388e-02
9.709462523460388184e-03
1.123625859618186951e-01
4.328296333551406860e-02
1.417267136275768280e-02
5.589159950613975525e-02
4.878038913011550903e-02
2.390091866254806519e-02
1.140645612031221390e-02
1.064317021518945694e-02
2.945102006196975708e-02
3.333319351077079773e-02
2.235012501478195190e-02
4.992250353097915649e-02
1.171260792762041092e-02
1.100632175803184509e-02
1.310854125767946243e-02
1.714941859245300293e-02
2.262188307940959930e-02
2.623873762786388397e-02
1.308277621865272522e-02
6.642830967903137207e-01
1.010103616863489151e-02
4.265605658292770386e-02
5.864730104804039001e-03
1.527945399284362793e-01
2.453922294080257416e-02
4.614496231079101562e-01
2.438505366444587708e-02
1.487539056688547134e-02
1.325804740190505981e-02
2.480178028345108032e-01
1.141119524836540222e-01
6.741808354854583740e-02
2.338900044560432434e-02
1.335262227803468704e-02
1.131373643875122070e-01
7.919350638985633850e-03
1.768739707767963409e-02
1.250997092574834824e-02
3.326519951224327087e-02
1.045337617397308350e-01
1.151226367801427841e-02
1.638177484273910522e-01
2.385425940155982971e-02
9.041410870850086212e-03
2.101659774780273438e-02
6.254355609416961670e-02
8.886861614882946014e-03
1.583528891205787659e-02
1.914912462234497070e-02
6.445883307605981827e-03
1.415733061730861664e-02
1.293568219989538193e-02
5.782115459442138672e-01
2.485172636806964874e-02
1.735991425812244415e-02
2.335525862872600555e-02
1.635744795203208923e-02
2.676769532263278961e-02
9.489370509982109070e-03
1.047478094696998596e-01
9.651886299252510071e-03
1.273983158171176910e-02
4.838758148252964020e-03
1.991285942494869232e-02
1.333466917276382446e-02
1.137369647622108459e-01
3.193521797657012939e-01
1.618621200323104858e-01
5.667788982391357422e-01
5.341087579727172852e-01
1.200605928897857666e-02
3.296683356165885925e-02
2.023035883903503418e-01
1.963170319795608521e-01
1.772636473178863525e-01
1.818695664405822754e-02
4.269517362117767334e-01
2.021405473351478577e-02
2.723356336355209351e-02
1.708041690289974213e-02
5.227755308151245117e-01
2.219970151782035828e-02
7.259048987179994583e-03
2.348081953823566437e-02
1.197862923145294189e-01
1.045303270220756531e-01
8.240715600550174713e-03
1.502752862870693207e-02
1.304155588150024414e-01
1.224599219858646393e-02
1.983241923153400421e-02
7.940308190882205963e-03
8.870353922247886658e-03
1.511496119201183319e-02
2.236075885593891144e-02
1.163427531719207764e-02
6.428976058959960938e-01
9.975959546864032745e-03
2.430248260498046875e-02
9.040688164532184601e-03
2.994448505342006683e-02
2.942911535501480103e-02
4.664745926856994629e-02
8.120961487293243408e-02
3.129595890641212463e-02
8.063600398600101471e-03
4.004481434822082520e-02
2.086673118174076080e-02
1.891827583312988281e-02
1.488752104341983795e-02
6.799621134996414185e-02
1.092929393053054810e-02
1.616944372653961182e-02
3.169667720794677734e-02
1.452156063169240952e-02
4.906998947262763977e-03
1.573273167014122009e-02
4.805708825588226318e-01
2.365611493587493896e-02
1.454126462340354919e-02
9.592687711119651794e-03
1.389322616159915924e-02
9.020283818244934082e-03
8.295318111777305603e-03
1.722460836172103882e-01
1.260572113096714020e-02
2.866363152861595154e-02
8.019089698791503906e-03
1.827277801930904388e-02
1.387396547943353653e-02
1.069416552782058716e-01
2.320064418017864227e-02
2.107173018157482147e-02
8.528879843652248383e-03
2.536496706306934357e-02
2.174276858568191528e-02
2.457377128303050995e-02
2.105144783854484558e-02
3.062042035162448883e-02
2.231874130666255951e-02
1.097241509705781937e-02
1.150311753153800964e-01
1.267551332712173462e-01
3.846501931548118591e-02
1.952291578054428101e-01
2.303710021078586578e-02
2.076732069253921509e-01
1.852344162762165070e-02
1.197664812207221985e-02
2.157447487115859985e-02
2.967492118477821350e-02
1.173644047230482101e-02
8.908396959304809570e-02
1.428794488310813904e-02
1.391639839857816696e-02
1.335313357412815094e-02
1.142113730311393738e-01
1.555038895457983017e-02
9.594501554965972900e-02
9.008804708719253540e-02
1.486024912446737289e-02
7.168260402977466583e-03
5.627951771020889282e-02
1.147927641868591309e-01
1.316763609647750854e-01
2.190740779042243958e-02
1.032094564288854599e-02
1.110613867640495300e-01
3.279120326042175293e-01
7.702361326664686203e-03
5.492797866463661194e-02
1.687414757907390594e-02
5.543843507766723633e-01
3.987143561244010925e-02
6.848146021366119385e-02
2.182747423648834229e-02
2.571641281247138977e-02
1.708938367664813995e-02
1.051259338855743408e-01
2.935898676514625549e-02
1.720470935106277466e-02
1.026678010821342468e-01
8.334143459796905518e-02
1.561862695962190628e-02
2.159813791513442993e-02
2.316360920667648315e-02
1.037649717181921005e-02
2.808774076402187347e-02
8.277056738734245300e-03
2.256369404494762421e-02
2.991297468543052673e-02
6.730458140373229980e-02
1.112361904233694077e-02
9.648428298532962799e-03
2.128380723297595978e-02
3.863945603370666504e-02
1.467757485806941986e-02
1.085132360458374023e-02
8.375725708901882172e-03
1.006866525858640671e-02
2.814427763223648071e-02
2.350470051169395447e-02
1.246074307709932327e-02
2.431206032633781433e-02
2.619158290326595306e-02
1.437621414661407471e-01
1.076691038906574249e-02
1.054537482559680939e-02
6.772655993700027466e-02
1.044728159904479980e-01
4.021157324314117432e-02
3.507121652364730835e-02
1.203129161149263382e-02
1.524800434708595276e-02
6.867932155728340149e-03
1.234498526901006699e-02
4.128060117363929749e-02
1.054416783154010773e-02
6.292303651571273804e-02
1.974200829863548279e-02
7.902015000581741333e-03
1.159805711358785629e-02
2.398127317428588867e-02
2.243828587234020233e-02
3.036518022418022156e-02
1.208098698407411575e-02
1.089873537421226501e-02
6.940709054470062256e-02
1.935133337974548340e-02
3.296551480889320374e-02
9.823303669691085815e-03
2.197908237576484680e-02
1.203357335180044174e-02
1.854188442230224609e-01
1.044198125600814819e-02
2.110575139522552490e-02
1.994681954383850098e-01
1.589432917535305023e-02
2.925872243940830231e-02
1.425171736627817154e-02
1.207583099603652954e-01
2.229863405227661133e-02
5.155403167009353638e-02
1.090842857956886292e-02
1.666440814733505249e-02
1.064278930425643921e-02
1.812508255243301392e-01
7.180614862591028214e-03
1.254433486610651016e-02
2.213691547513008118e-02
9.400173090398311615e-03
8.919490501284599304e-03
2.355173975229263306e-02
1.427859067916870117e-02
8.118904195725917816e-03
1.134775951504707336e-01
1.544218324124813080e-02
6.107375398278236389e-02
2.933505736291408539e-02
7.036733627319335938e-02
3.319802135229110718e-02
9.773706085979938507e-03
8.215868845582008362e-03
3.027503378689289093e-02
2.326555401086807251e-01
2.633776701986789703e-02
1.728009618818759918e-02
8.603473752737045288e-02
4.250481724739074707e-02
7.194700837135314941e-02
3.022578917443752289e-02
1.593163609504699707e-01
2.456578239798545837e-02
3.601628541946411133e-02
2.062358520925045013e-02
1.284450590610504150e-01
1.100868638604879379e-02
3.096821345388889313e-02
1.902521029114723206e-02
2.789737656712532043e-02
1.384561602026224136e-02
1.558675616979598999e-02
8.272367715835571289e-02
9.818955324590206146e-03
1.353474427014589310e-02
7.069230079650878906e-02
1.019912138581275940e-01
1.296442653983831406e-02
9.262668900191783905e-03
1.068174187093973160e-02
9.672001935541629791e-03
1.395608484745025635e-02
3.795365393161773682e-01
1.830458827316761017e-02
3.010590672492980957e-01
2.083745226263999939e-02
9.332883171737194061e-03
1.762044429779052734e-02
8.740676566958427429e-03
1.064071804285049438e-02
2.319838292896747589e-02
3.669214248657226562e-02
1.909923404455184937e-01
8.705471158027648926e-01
