588
573
465
575
475
493
334
556
79
526
255
113
350
317
645
50
175
630
534
467
702
426
10
68
479
700
473
369
427
419
671
181
656
521
365
436
641
622
632
339
103
569
313
49
652
142
222
37
635
48
514
673
283
18
172
76
64
563
358
52
415
202
481
258
250
571
503
267
644
590
243
200
363
302
235
97
615
478
162
299
17
355
215
577
312
482
651
196
231
157
45
306
62
538
272
522
140
395
502
127
337
342
144
21
492
362
35
532
268
279
77
240
247
251
413
101
487
332
462
333
266
628
346
331
697
653
542
165
621
34
516
561
420
586
155
491
509
294
211
506
12
161
210
261
453
318
159
432
78
92
531
66
392
327
386
647
278
407
546
703
15
252
477
6
293
71
403
417
696
310
104
638
188
404
360
699
230
385
90
609
399
204
490
118
367
667
218
552
587
271
424
109
585
205
242
485
476
190
440
480
194
683
132
233
173
178
705
536
206
96
607
303
523
89
364
179
0
46
171
564
374
107
133
401
223
406
102
108
213
435
338
246
425
498
125
452
669
500
572
224
26
412
496
613
3
134
325
186
548
295
591
558
637
225
579
541
471
470
675
443
458
351
533
112
608
494
20
65
298
126
259
527
354
592
137
505
7
649
309
692
185
602
153
54
30
380
631
100
397
582
670
237
56
60
447
262
390
264
679
409
208
468
400
167
38
648
578
300
451
441
688
163
124
154
336
59
439
304
663
614
343
658
311
422
158
51
511
474
460
361
408
434
219
308
74
282
466
4
568
547
456
624
5
141
519
135
457
378
634
22
674
276
284
270
676
281
220
640
320
495
120
81
693
13
428
685
678
160
690
238
379
454
497
504
529
195
191
116
540
580
164
106
16
63
384
655
105
501
666
329
345
618
405
566
93
524
433
83
597
348
549
455
198
145
414
150
616
39
520
518
646
545
322
253
642
517
694
357
69
2
340
221
660
146
289
241
29
583
114
499
701
570
603
176
623
372
168
347
376
686
619
604
654
189
136
446
625
254
437
382
626
290
668
698
232
33
88
44
341
61
687
199
429
394
297
73
393
605
589
595
217
584
421
138
212
596
593
650
234
67
24
381
216
129
349
111
166
207
438
274
601
643
525
287
469
326
121
507
228
445
117
464
25
110
149
152
528
461
139
260
323
636
248
450
410
19
328
296
269
226
94
515
280
286
661
444
184
371
620
689
275
664
182
32
80
307
11
43
86
36
58
41
411
562
209
148
594
123
574
98
377
130
23
657
555
370
512
383
201
368
554
610
387
292
256
606
197
95
682
169
581
305
560
373
227
143
180
131
47
324
203
84
633
565
611
398
91
82
430
119
291
57
321
257
672
442
42
617
388
335
273
488
550
53
665
128
28
183
459
510
151
244
543
544
639
265
288
423
147
659
177
99
448
431
115
72
537
677
695
174
87
551
486
314
396
600
472
70
599
277
9
359
192
629
559
684
316
704
187
352
330
122
484
344
40
391
463
193
389
557
14
156
55
681
691
8
598
85
356
245
530
553
539
576
627
535
31
567
285
263
375
1
402
508
612
680
416
249
170
366
662
513
353
418
214
315
236
75
449
319
483
489
27
301
239
229
