EXP split_seed random_seed neurons soft lambda_in sigma_in PICP_test MPIW_test RMSE alpha h_size epochs lr decay_rate ensemb n_runs
1 1 10 [50] 160.0 5.0 0.05 0.864 0.739 5.359 0.05 [50] 800 0.03 0.98 1 1
2 1 10 [50] 160.0 5.0 0.2 0.835 0.715 5.671 0.05 [50] 800 0.03 0.98 1 1
3 1 10 [50] 160.0 5.0 0.4 0.825 0.721 5.599 0.05 [50] 800 0.03 0.98 1 1
4 1 10 [50] 160.0 15.0 0.05 0.854 0.873 5.928 0.05 [50] 800 0.03 0.98 1 1
5 1 10 [50] 160.0 15.0 0.2 0.864 0.828 5.524 0.05 [50] 800 0.03 0.98 1 1
6 1 10 [50] 160.0 15.0 0.4 0.874 0.848 5.559 0.05 [50] 800 0.03 0.98 1 1
7 1 10 [50] 160.0 20.0 0.05 0.903 0.934 5.962 0.05 [50] 800 0.03 0.98 1 1
8 1 10 [50] 160.0 20.0 0.2 0.854 0.894 5.723 0.05 [50] 800 0.03 0.98 1 1
9 1 10 [50] 160.0 20.0 0.4 0.893 0.974 5.94 0.05 [50] 800 0.03 0.98 1 1
10 1 10 [75] 160.0 5.0 0.05 0.816 0.723 5.674 0.05 [75] 800 0.03 0.98 1 1
11 1 10 [75] 160.0 5.0 0.2 0.816 0.723 5.91 0.05 [75] 800 0.03 0.98 1 1
12 1 10 [75] 160.0 5.0 0.4 0.835 0.656 5.066 0.05 [75] 800 0.03 0.98 1 1
13 1 10 [75] 160.0 15.0 0.05 0.854 0.874 6.165 0.05 [75] 800 0.03 0.98 1 1
14 1 10 [75] 160.0 15.0 0.2 0.854 0.887 5.54 0.05 [75] 800 0.03 0.98 1 1
15 1 10 [75] 160.0 15.0 0.4 0.874 0.842 5.416 0.05 [75] 800 0.03 0.98 1 1
16 1 10 [75] 160.0 20.0 0.05 0.932 0.91 5.372 0.05 [75] 800 0.03 0.98 1 1
17 1 10 [75] 160.0 20.0 0.2 0.864 0.825 5.398 0.05 [75] 800 0.03 0.98 1 1
18 1 10 [75] 160.0 20.0 0.4 0.893 0.954 5.691 0.05 [75] 800 0.03 0.98 1 1
19 1 10 [100] 160.0 5.0 0.05 0.786 0.714 5.413 0.05 [100] 800 0.03 0.98 1 1
20 1 10 [100] 160.0 5.0 0.2 0.777 0.671 5.09 0.05 [100] 800 0.03 0.98 1 1
21 1 10 [100] 160.0 5.0 0.4 0.845 0.687 5.417 0.05 [100] 800 0.03 0.98 1 1
22 1 10 [100] 160.0 15.0 0.05 0.845 0.854 5.82 0.05 [100] 800 0.03 0.98 1 1
23 1 10 [100] 160.0 15.0 0.2 0.883 0.918 5.432 0.05 [100] 800 0.03 0.98 1 1
24 1 10 [100] 160.0 15.0 0.4 0.806 0.822 5.414 0.05 [100] 800 0.03 0.98 1 1
25 1 10 [100] 160.0 20.0 0.05 0.825 0.849 6.101 0.05 [100] 800 0.03 0.98 1 1
26 1 10 [100] 160.0 20.0 0.2 0.903 0.926 5.372 0.05 [100] 800 0.03 0.98 1 1
27 1 10 [100] 160.0 20.0 0.4 0.883 0.857 5.268 0.05 [100] 800 0.03 0.98 1 1
28 1 20 [50] 160.0 5.0 0.05 0.825 0.702 5.668 0.05 [50] 800 0.03 0.98 1 1
29 1 20 [50] 160.0 5.0 0.2 0.748 0.665 5.584 0.05 [50] 800 0.03 0.98 1 1
30 1 20 [50] 160.0 5.0 0.4 0.738 0.649 5.289 0.05 [50] 800 0.03 0.98 1 1
31 1 20 [50] 160.0 15.0 0.05 0.874 0.912 6.137 0.05 [50] 800 0.03 0.98 1 1
32 1 20 [50] 160.0 15.0 0.2 0.806 0.817 6.13 0.05 [50] 800 0.03 0.98 1 1
33 1 20 [50] 160.0 15.0 0.4 0.816 0.777 5.649 0.05 [50] 800 0.03 0.98 1 1
34 1 20 [50] 160.0 20.0 0.05 0.883 0.973 5.767 0.05 [50] 800 0.03 0.98 1 1
35 1 20 [50] 160.0 20.0 0.2 0.874 0.905 5.694 0.05 [50] 800 0.03 0.98 1 1
36 1 20 [50] 160.0 20.0 0.4 0.893 0.853 5.865 0.05 [50] 800 0.03 0.98 1 1
37 1 20 [75] 160.0 5.0 0.05 0.806 0.713 5.681 0.05 [75] 800 0.03 0.98 1 1
38 1 20 [75] 160.0 5.0 0.2 0.825 0.661 5.418 0.05 [75] 800 0.03 0.98 1 1
39 1 20 [75] 160.0 5.0 0.4 0.777 0.615 5.046 0.05 [75] 800 0.03 0.98 1 1
40 1 20 [75] 160.0 15.0 0.05 0.835 0.831 5.798 0.05 [75] 800 0.03 0.98 1 1
41 1 20 [75] 160.0 15.0 0.2 0.835 0.794 5.542 0.05 [75] 800 0.03 0.98 1 1
42 1 20 [75] 160.0 15.0 0.4 0.874 0.773 5.111 0.05 [75] 800 0.03 0.98 1 1
43 1 20 [75] 160.0 20.0 0.05 0.942 0.933 5.683 0.05 [75] 800 0.03 0.98 1 1
44 1 20 [75] 160.0 20.0 0.2 0.816 0.826 5.535 0.05 [75] 800 0.03 0.98 1 1
45 1 20 [75] 160.0 20.0 0.4 0.864 0.85 5.589 0.05 [75] 800 0.03 0.98 1 1
46 1 20 [100] 160.0 5.0 0.05 0.845 0.732 5.637 0.05 [100] 800 0.03 0.98 1 1
47 1 20 [100] 160.0 5.0 0.2 0.796 0.691 5.4 0.05 [100] 800 0.03 0.98 1 1
48 1 20 [100] 160.0 5.0 0.4 0.495 24.23 222.099 0.05 [100] 800 0.03 0.98 1 1
49 1 20 [100] 160.0 15.0 0.05 0.883 0.913 5.691 0.05 [100] 800 0.03 0.98 1 1
50 1 20 [100] 160.0 15.0 0.2 0.845 0.817 5.728 0.05 [100] 800 0.03 0.98 1 1
51 1 20 [100] 160.0 15.0 0.4 0.903 0.895 5.321 0.05 [100] 800 0.03 0.98 1 1
52 1 20 [100] 160.0 20.0 0.05 0.825 0.791 5.754 0.05 [100] 800 0.03 0.98 1 1
53 1 20 [100] 160.0 20.0 0.2 0.825 0.85 5.881 0.05 [100] 800 0.03 0.98 1 1
54 1 20 [100] 160.0 20.0 0.4 0.883 0.843 5.597 0.05 [100] 800 0.03 0.98 1 1
55 1 30 [50] 160.0 5.0 0.05 0.786 0.756 5.975 0.05 [50] 800 0.03 0.98 1 1
56 1 30 [50] 160.0 5.0 0.2 0.786 0.635 5.575 0.05 [50] 800 0.03 0.98 1 1
57 1 30 [50] 160.0 5.0 0.4 0.777 0.634 5.182 0.05 [50] 800 0.03 0.98 1 1
58 1 30 [50] 160.0 15.0 0.05 0.864 0.875 5.931 0.05 [50] 800 0.03 0.98 1 1
59 1 30 [50] 160.0 15.0 0.2 0.854 0.846 5.666 0.05 [50] 800 0.03 0.98 1 1
60 1 30 [50] 160.0 15.0 0.4 0.806 0.713 5.672 0.05 [50] 800 0.03 0.98 1 1
61 1 30 [50] 160.0 20.0 0.05 0.845 0.813 5.414 0.05 [50] 800 0.03 0.98 1 1
62 1 30 [50] 160.0 20.0 0.2 0.825 0.859 6.023 0.05 [50] 800 0.03 0.98 1 1
63 1 30 [50] 160.0 20.0 0.4 0.845 0.827 5.586 0.05 [50] 800 0.03 0.98 1 1
64 1 30 [75] 160.0 5.0 0.05 0.816 0.702 5.585 0.05 [75] 800 0.03 0.98 1 1
65 1 30 [75] 160.0 5.0 0.2 0.796 0.672 5.343 0.05 [75] 800 0.03 0.98 1 1
66 1 30 [75] 160.0 5.0 0.4 0.786 0.616 5.709 0.05 [75] 800 0.03 0.98 1 1
67 1 30 [75] 160.0 15.0 0.05 0.864 0.914 6.264 0.05 [75] 800 0.03 0.98 1 1
68 1 30 [75] 160.0 15.0 0.2 0.825 0.749 5.465 0.05 [75] 800 0.03 0.98 1 1
69 1 30 [75] 160.0 15.0 0.4 0.854 0.852 5.74 0.05 [75] 800 0.03 0.98 1 1
70 1 30 [75] 160.0 20.0 0.05 0.874 0.885 6.058 0.05 [75] 800 0.03 0.98 1 1
71 1 30 [75] 160.0 20.0 0.2 0.874 0.842 5.492 0.05 [75] 800 0.03 0.98 1 1
72 1 30 [75] 160.0 20.0 0.4 0.883 0.88 5.74 0.05 [75] 800 0.03 0.98 1 1
73 1 30 [100] 160.0 5.0 0.05 0.796 0.692 5.216 0.05 [100] 800 0.03 0.98 1 1
74 1 30 [100] 160.0 5.0 0.2 0.835 0.67 5.238 0.05 [100] 800 0.03 0.98 1 1
75 1 30 [100] 160.0 5.0 0.4 0.767 0.697 5.728 0.05 [100] 800 0.03 0.98 1 1
76 1 30 [100] 160.0 15.0 0.05 0.825 0.809 5.949 0.05 [100] 800 0.03 0.98 1 1
77 1 30 [100] 160.0 15.0 0.2 0.864 0.836 5.496 0.05 [100] 800 0.03 0.98 1 1
78 1 30 [100] 160.0 15.0 0.4 0.913 0.881 5.179 0.05 [100] 800 0.03 0.98 1 1
79 1 30 [100] 160.0 20.0 0.05 0.835 0.816 5.884 0.05 [100] 800 0.03 0.98 1 1
80 1 30 [100] 160.0 20.0 0.2 0.854 0.872 5.671 0.05 [100] 800 0.03 0.98 1 1
81 1 30 [100] 160.0 20.0 0.4 0.903 0.923 5.305 0.05 [100] 800 0.03 0.98 1 1
82 2 10 [50] 160.0 5.0 0.05 0.835 0.633 4.373 0.05 [50] 800 0.03 0.98 1 1
83 2 10 [50] 160.0 5.0 0.2 0.825 0.67 4.692 0.05 [50] 800 0.03 0.98 1 1
84 2 10 [50] 160.0 5.0 0.4 0.728 0.613 4.928 0.05 [50] 800 0.03 0.98 1 1
85 2 10 [50] 160.0 15.0 0.05 0.854 0.811 5.049 0.05 [50] 800 0.03 0.98 1 1
86 2 10 [50] 160.0 15.0 0.2 0.893 0.772 4.775 0.05 [50] 800 0.03 0.98 1 1
87 2 10 [50] 160.0 15.0 0.4 0.913 0.746 4.324 0.05 [50] 800 0.03 0.98 1 1
88 2 10 [50] 160.0 20.0 0.05 0.854 0.785 5.129 0.05 [50] 800 0.03 0.98 1 1
89 2 10 [50] 160.0 20.0 0.2 0.883 0.817 4.706 0.05 [50] 800 0.03 0.98 1 1
90 2 10 [50] 160.0 20.0 0.4 0.864 0.817 5.3 0.05 [50] 800 0.03 0.98 1 1
91 2 10 [75] 160.0 5.0 0.05 0.854 0.676 5.225 0.05 [75] 800 0.03 0.98 1 1
92 2 10 [75] 160.0 5.0 0.2 0.835 0.653 4.623 0.05 [75] 800 0.03 0.98 1 1
93 2 10 [75] 160.0 5.0 0.4 0.806 0.581 4.405 0.05 [75] 800 0.03 0.98 1 1
94 2 10 [75] 160.0 15.0 0.05 0.845 0.769 4.677 0.05 [75] 800 0.03 0.98 1 1
95 2 10 [75] 160.0 15.0 0.2 0.816 0.731 4.784 0.05 [75] 800 0.03 0.98 1 1
96 2 10 [75] 160.0 15.0 0.4 0.874 0.733 4.889 0.05 [75] 800 0.03 0.98 1 1
97 2 10 [75] 160.0 20.0 0.05 0.864 0.817 4.898 0.05 [75] 800 0.03 0.98 1 1
98 2 10 [75] 160.0 20.0 0.2 0.816 0.748 4.956 0.05 [75] 800 0.03 0.98 1 1
99 2 10 [75] 160.0 20.0 0.4 0.845 0.816 4.561 0.05 [75] 800 0.03 0.98 1 1
100 2 10 [100] 160.0 5.0 0.05 0.796 0.66 4.528 0.05 [100] 800 0.03 0.98 1 1
101 2 10 [100] 160.0 5.0 0.2 0.748 0.599 4.82 0.05 [100] 800 0.03 0.98 1 1
102 2 10 [100] 160.0 5.0 0.4 0.796 0.566 4.25 0.05 [100] 800 0.03 0.98 1 1
103 2 10 [100] 160.0 15.0 0.05 0.777 0.787 5.413 0.05 [100] 800 0.03 0.98 1 1
104 2 10 [100] 160.0 15.0 0.2 0.903 0.769 4.32 0.05 [100] 800 0.03 0.98 1 1
105 2 10 [100] 160.0 15.0 0.4 0.883 0.758 4.551 0.05 [100] 800 0.03 0.98 1 1
106 2 10 [100] 160.0 20.0 0.05 0.913 0.867 4.991 0.05 [100] 800 0.03 0.98 1 1
107 2 10 [100] 160.0 20.0 0.2 0.835 0.794 4.686 0.05 [100] 800 0.03 0.98 1 1
108 2 10 [100] 160.0 20.0 0.4 0.835 0.727 4.602 0.05 [100] 800 0.03 0.98 1 1
109 2 20 [50] 160.0 5.0 0.05 0.786 0.625 4.484 0.05 [50] 800 0.03 0.98 1 1
110 2 20 [50] 160.0 5.0 0.2 0.796 0.664 4.728 0.05 [50] 800 0.03 0.98 1 1
111 2 20 [50] 160.0 5.0 0.4 0.786 0.606 4.532 0.05 [50] 800 0.03 0.98 1 1
112 2 20 [50] 160.0 15.0 0.05 0.883 0.763 4.532 0.05 [50] 800 0.03 0.98 1 1
113 2 20 [50] 160.0 15.0 0.2 0.922 0.792 4.59 0.05 [50] 800 0.03 0.98 1 1
114 2 20 [50] 160.0 15.0 0.4 0.845 0.752 5.303 0.05 [50] 800 0.03 0.98 1 1
115 2 20 [50] 160.0 20.0 0.05 0.874 0.837 5.162 0.05 [50] 800 0.03 0.98 1 1
116 2 20 [50] 160.0 20.0 0.2 0.845 0.792 4.698 0.05 [50] 800 0.03 0.98 1 1
117 2 20 [50] 160.0 20.0 0.4 0.932 0.818 4.616 0.05 [50] 800 0.03 0.98 1 1
118 2 20 [75] 160.0 5.0 0.05 0.777 0.657 5.291 0.05 [75] 800 0.03 0.98 1 1
119 2 20 [75] 160.0 5.0 0.2 0.767 0.603 5.068 0.05 [75] 800 0.03 0.98 1 1
120 2 20 [75] 160.0 5.0 0.4 0.806 0.592 4.365 0.05 [75] 800 0.03 0.98 1 1
121 2 20 [75] 160.0 15.0 0.05 0.825 0.769 5.166 0.05 [75] 800 0.03 0.98 1 1
122 2 20 [75] 160.0 15.0 0.2 0.845 0.718 4.796 0.05 [75] 800 0.03 0.98 1 1
123 2 20 [75] 160.0 15.0 0.4 0.864 0.7 4.511 0.05 [75] 800 0.03 0.98 1 1
124 2 20 [75] 160.0 20.0 0.05 0.922 0.817 4.744 0.05 [75] 800 0.03 0.98 1 1
125 2 20 [75] 160.0 20.0 0.2 0.893 0.761 4.835 0.05 [75] 800 0.03 0.98 1 1
126 2 20 [75] 160.0 20.0 0.4 0.874 0.843 4.926 0.05 [75] 800 0.03 0.98 1 1
127 2 20 [100] 160.0 5.0 0.05 0.767 0.622 4.888 0.05 [100] 800 0.03 0.98 1 1
128 2 20 [100] 160.0 5.0 0.2 0.728 0.581 4.819 0.05 [100] 800 0.03 0.98 1 1
129 2 20 [100] 160.0 5.0 0.4 0.757 0.551 4.419 0.05 [100] 800 0.03 0.98 1 1
130 2 20 [100] 160.0 15.0 0.05 0.854 0.73 4.837 0.05 [100] 800 0.03 0.98 1 1
131 2 20 [100] 160.0 15.0 0.2 0.816 0.772 4.889 0.05 [100] 800 0.03 0.98 1 1
132 2 20 [100] 160.0 15.0 0.4 0.835 0.72 4.602 0.05 [100] 800 0.03 0.98 1 1
133 2 20 [100] 160.0 20.0 0.05 0.864 0.829 4.998 0.05 [100] 800 0.03 0.98 1 1
134 2 20 [100] 160.0 20.0 0.2 0.874 0.802 5.095 0.05 [100] 800 0.03 0.98 1 1
135 2 20 [100] 160.0 20.0 0.4 0.854 0.781 4.988 0.05 [100] 800 0.03 0.98 1 1
136 2 30 [50] 160.0 5.0 0.05 0.854 0.7 4.852 0.05 [50] 800 0.03 0.98 1 1
137 2 30 [50] 160.0 5.0 0.2 0.757 0.689 5.512 0.05 [50] 800 0.03 0.98 1 1
138 2 30 [50] 160.0 5.0 0.4 0.796 0.593 4.579 0.05 [50] 800 0.03 0.98 1 1
139 2 30 [50] 160.0 15.0 0.05 0.874 0.811 4.569 0.05 [50] 800 0.03 0.98 1 1
140 2 30 [50] 160.0 15.0 0.2 0.864 0.797 5.166 0.05 [50] 800 0.03 0.98 1 1
141 2 30 [50] 160.0 15.0 0.4 0.854 0.77 4.822 0.05 [50] 800 0.03 0.98 1 1
142 2 30 [50] 160.0 20.0 0.05 0.932 0.863 4.912 0.05 [50] 800 0.03 0.98 1 1
143 2 30 [50] 160.0 20.0 0.2 0.893 0.812 4.956 0.05 [50] 800 0.03 0.98 1 1
144 2 30 [50] 160.0 20.0 0.4 0.942 0.899 4.959 0.05 [50] 800 0.03 0.98 1 1
145 2 30 [75] 160.0 5.0 0.05 0.835 0.672 4.874 0.05 [75] 800 0.03 0.98 1 1
146 2 30 [75] 160.0 5.0 0.2 0.816 0.645 4.657 0.05 [75] 800 0.03 0.98 1 1
147 2 30 [75] 160.0 5.0 0.4 0.796 0.617 4.535 0.05 [75] 800 0.03 0.98 1 1
148 2 30 [75] 160.0 15.0 0.05 0.922 0.866 4.979 0.05 [75] 800 0.03 0.98 1 1
149 2 30 [75] 160.0 15.0 0.2 0.893 0.761 4.605 0.05 [75] 800 0.03 0.98 1 1
150 2 30 [75] 160.0 15.0 0.4 0.845 0.739 4.418 0.05 [75] 800 0.03 0.98 1 1
151 2 30 [75] 160.0 20.0 0.05 0.825 0.786 4.998 0.05 [75] 800 0.03 0.98 1 1
152 2 30 [75] 160.0 20.0 0.2 0.874 0.8 4.674 0.05 [75] 800 0.03 0.98 1 1
153 2 30 [75] 160.0 20.0 0.4 0.903 0.763 4.539 0.05 [75] 800 0.03 0.98 1 1
154 2 30 [100] 160.0 5.0 0.05 0.786 0.671 4.836 0.05 [100] 800 0.03 0.98 1 1
155 2 30 [100] 160.0 5.0 0.2 0.864 0.706 4.342 0.05 [100] 800 0.03 0.98 1 1
156 2 30 [100] 160.0 5.0 0.4 0.748 0.61 4.299 0.05 [100] 800 0.03 0.98 1 1
157 2 30 [100] 160.0 15.0 0.05 0.903 0.834 4.774 0.05 [100] 800 0.03 0.98 1 1
158 2 30 [100] 160.0 15.0 0.2 0.854 0.722 4.542 0.05 [100] 800 0.03 0.98 1 1
159 2 30 [100] 160.0 15.0 0.4 0.825 0.688 4.695 0.05 [100] 800 0.03 0.98 1 1
160 2 30 [100] 160.0 20.0 0.05 0.893 0.85 5.115 0.05 [100] 800 0.03 0.98 1 1
161 2 30 [100] 160.0 20.0 0.2 0.893 0.749 4.641 0.05 [100] 800 0.03 0.98 1 1
162 2 30 [100] 160.0 20.0 0.4 0.825 0.789 4.933 0.05 [100] 800 0.03 0.98 1 1
163 3 10 [50] 160.0 5.0 0.05 0.767 0.647 5.697 0.05 [50] 800 0.03 0.98 1 1
164 3 10 [50] 160.0 5.0 0.2 0.718 0.591 5.872 0.05 [50] 800 0.03 0.98 1 1
165 3 10 [50] 160.0 5.0 0.4 0.689 0.597 5.616 0.05 [50] 800 0.03 0.98 1 1
166 3 10 [50] 160.0 15.0 0.05 0.845 0.786 5.624 0.05 [50] 800 0.03 0.98 1 1
167 3 10 [50] 160.0 15.0 0.2 0.874 0.779 5.368 0.05 [50] 800 0.03 0.98 1 1
168 3 10 [50] 160.0 15.0 0.4 0.796 0.743 5.63 0.05 [50] 800 0.03 0.98 1 1
169 3 10 [50] 160.0 20.0 0.05 0.835 0.817 5.719 0.05 [50] 800 0.03 0.98 1 1
170 3 10 [50] 160.0 20.0 0.2 0.845 0.786 5.516 0.05 [50] 800 0.03 0.98 1 1
171 3 10 [50] 160.0 20.0 0.4 0.874 0.812 5.487 0.05 [50] 800 0.03 0.98 1 1
172 3 10 [75] 160.0 5.0 0.05 0.777 0.661 5.91 0.05 [75] 800 0.03 0.98 1 1
173 3 10 [75] 160.0 5.0 0.2 0.767 0.649 6.075 0.05 [75] 800 0.03 0.98 1 1
174 3 10 [75] 160.0 5.0 0.4 0.709 0.608 5.218 0.05 [75] 800 0.03 0.98 1 1
175 3 10 [75] 160.0 15.0 0.05 0.835 0.811 5.739 0.05 [75] 800 0.03 0.98 1 1
176 3 10 [75] 160.0 15.0 0.2 0.825 0.744 5.483 0.05 [75] 800 0.03 0.98 1 1
177 3 10 [75] 160.0 15.0 0.4 0.796 0.7 5.575 0.05 [75] 800 0.03 0.98 1 1
178 3 10 [75] 160.0 20.0 0.05 0.864 0.808 5.849 0.05 [75] 800 0.03 0.98 1 1
179 3 10 [75] 160.0 20.0 0.2 0.816 0.774 5.499 0.05 [75] 800 0.03 0.98 1 1
180 3 10 [75] 160.0 20.0 0.4 0.825 0.759 5.324 0.05 [75] 800 0.03 0.98 1 1
181 3 10 [100] 160.0 5.0 0.05 0.777 0.632 5.533 0.05 [100] 800 0.03 0.98 1 1
182 3 10 [100] 160.0 5.0 0.2 0.796 0.614 4.978 0.05 [100] 800 0.03 0.98 1 1
183 3 10 [100] 160.0 5.0 0.4 0.738 0.566 5.472 0.05 [100] 800 0.03 0.98 1 1
184 3 10 [100] 160.0 15.0 0.05 0.825 0.721 5.619 0.05 [100] 800 0.03 0.98 1 1
185 3 10 [100] 160.0 15.0 0.2 0.816 0.782 5.774 0.05 [100] 800 0.03 0.98 1 1
186 3 10 [100] 160.0 15.0 0.4 0.835 0.734 5.354 0.05 [100] 800 0.03 0.98 1 1
187 3 10 [100] 160.0 20.0 0.05 0.845 0.796 5.723 0.05 [100] 800 0.03 0.98 1 1
188 3 10 [100] 160.0 20.0 0.2 0.845 0.747 5.624 0.05 [100] 800 0.03 0.98 1 1
189 3 10 [100] 160.0 20.0 0.4 0.796 0.716 5.309 0.05 [100] 800 0.03 0.98 1 1
190 3 20 [50] 160.0 5.0 0.05 0.796 0.701 5.271 0.05 [50] 800 0.03 0.98 1 1
191 3 20 [50] 160.0 5.0 0.2 0.796 0.662 5.68 0.05 [50] 800 0.03 0.98 1 1
192 3 20 [50] 160.0 5.0 0.4 0.748 0.588 5.408 0.05 [50] 800 0.03 0.98 1 1
193 3 20 [50] 160.0 15.0 0.05 0.854 0.845 5.703 0.05 [50] 800 0.03 0.98 1 1
194 3 20 [50] 160.0 15.0 0.2 0.825 0.809 5.7 0.05 [50] 800 0.03 0.98 1 1
195 3 20 [50] 160.0 15.0 0.4 0.825 0.753 5.497 0.05 [50] 800 0.03 0.98 1 1
196 3 20 [50] 160.0 20.0 0.05 0.835 0.775 5.347 0.05 [50] 800 0.03 0.98 1 1
197 3 20 [50] 160.0 20.0 0.2 0.874 0.856 5.829 0.05 [50] 800 0.03 0.98 1 1
198 3 20 [50] 160.0 20.0 0.4 0.845 0.759 5.622 0.05 [50] 800 0.03 0.98 1 1
199 3 20 [75] 160.0 5.0 0.05 0.748 0.658 5.744 0.05 [75] 800 0.03 0.98 1 1
200 3 20 [75] 160.0 5.0 0.2 0.854 0.696 5.275 0.05 [75] 800 0.03 0.98 1 1
201 3 20 [75] 160.0 5.0 0.4 0.777 0.593 4.867 0.05 [75] 800 0.03 0.98 1 1
202 3 20 [75] 160.0 15.0 0.05 0.864 0.864 5.835 0.05 [75] 800 0.03 0.98 1 1
203 3 20 [75] 160.0 15.0 0.2 0.816 0.82 5.919 0.05 [75] 800 0.03 0.98 1 1
204 3 20 [75] 160.0 15.0 0.4 0.835 0.731 5.399 0.05 [75] 800 0.03 0.98 1 1
205 3 20 [75] 160.0 20.0 0.05 0.777 0.796 5.733 0.05 [75] 800 0.03 0.98 1 1
206 3 20 [75] 160.0 20.0 0.2 0.864 0.881 5.251 0.05 [75] 800 0.03 0.98 1 1
207 3 20 [75] 160.0 20.0 0.4 0.816 0.703 5.802 0.05 [75] 800 0.03 0.98 1 1
208 3 20 [100] 160.0 5.0 0.05 0.786 0.669 5.464 0.05 [100] 800 0.03 0.98 1 1
209 3 20 [100] 160.0 5.0 0.2 0.757 0.595 5.538 0.05 [100] 800 0.03 0.98 1 1
210 3 20 [100] 160.0 5.0 0.4 0.68 0.531 5.22 0.05 [100] 800 0.03 0.98 1 1
211 3 20 [100] 160.0 15.0 0.05 0.864 0.776 5.69 0.05 [100] 800 0.03 0.98 1 1
212 3 20 [100] 160.0 15.0 0.2 0.816 0.763 5.54 0.05 [100] 800 0.03 0.98 1 1
213 3 20 [100] 160.0 15.0 0.4 0.835 0.774 5.479 0.05 [100] 800 0.03 0.98 1 1
214 3 20 [100] 160.0 20.0 0.05 0.845 0.833 5.911 0.05 [100] 800 0.03 0.98 1 1
215 3 20 [100] 160.0 20.0 0.2 0.728 0.702 5.815 0.05 [100] 800 0.03 0.98 1 1
216 3 20 [100] 160.0 20.0 0.4 0.825 0.771 5.338 0.05 [100] 800 0.03 0.98 1 1
217 3 30 [50] 160.0 5.0 0.05 0.767 0.655 5.75 0.05 [50] 800 0.03 0.98 1 1
218 3 30 [50] 160.0 5.0 0.2 0.757 0.639 5.544 0.05 [50] 800 0.03 0.98 1 1
219 3 30 [50] 160.0 5.0 0.4 0.709 0.597 5.769 0.05 [50] 800 0.03 0.98 1 1
220 3 30 [50] 160.0 15.0 0.05 0.854 0.791 5.305 0.05 [50] 800 0.03 0.98 1 1
221 3 30 [50] 160.0 15.0 0.2 0.825 0.745 5.834 0.05 [50] 800 0.03 0.98 1 1
222 3 30 [50] 160.0 15.0 0.4 0.767 0.686 5.689 0.05 [50] 800 0.03 0.98 1 1
223 3 30 [50] 160.0 20.0 0.05 0.854 0.887 6.081 0.05 [50] 800 0.03 0.98 1 1
224 3 30 [50] 160.0 20.0 0.2 0.816 0.792 5.639 0.05 [50] 800 0.03 0.98 1 1
225 3 30 [50] 160.0 20.0 0.4 0.845 0.786 5.691 0.05 [50] 800 0.03 0.98 1 1
226 3 30 [75] 160.0 5.0 0.05 0.786 0.709 5.952 0.05 [75] 800 0.03 0.98 1 1
227 3 30 [75] 160.0 5.0 0.2 0.757 0.61 5.374 0.05 [75] 800 0.03 0.98 1 1
228 3 30 [75] 160.0 5.0 0.4 0.718 0.566 4.913 0.05 [75] 800 0.03 0.98 1 1
229 3 30 [75] 160.0 15.0 0.05 0.864 0.772 5.504 0.05 [75] 800 0.03 0.98 1 1
230 3 30 [75] 160.0 15.0 0.2 0.816 0.854 5.97 0.05 [75] 800 0.03 0.98 1 1
231 3 30 [75] 160.0 15.0 0.4 0.806 0.711 5.264 0.05 [75] 800 0.03 0.98 1 1
232 3 30 [75] 160.0 20.0 0.05 0.825 0.774 5.832 0.05 [75] 800 0.03 0.98 1 1
233 3 30 [75] 160.0 20.0 0.2 0.816 0.784 5.889 0.05 [75] 800 0.03 0.98 1 1
234 3 30 [75] 160.0 20.0 0.4 0.777 0.764 5.95 0.05 [75] 800 0.03 0.98 1 1
235 3 30 [100] 160.0 5.0 0.05 0.786 0.68 5.616 0.05 [100] 800 0.03 0.98 1 1
236 3 30 [100] 160.0 5.0 0.2 0.825 0.68 5.458 0.05 [100] 800 0.03 0.98 1 1
237 3 30 [100] 160.0 5.0 0.4 0.728 0.578 5.271 0.05 [100] 800 0.03 0.98 1 1
238 3 30 [100] 160.0 15.0 0.05 0.806 0.768 5.591 0.05 [100] 800 0.03 0.98 1 1
239 3 30 [100] 160.0 15.0 0.2 0.816 0.711 5.616 0.05 [100] 800 0.03 0.98 1 1
240 3 30 [100] 160.0 15.0 0.4 0.816 0.682 5.352 0.05 [100] 800 0.03 0.98 1 1
241 3 30 [100] 160.0 20.0 0.05 0.835 0.857 5.549 0.05 [100] 800 0.03 0.98 1 1
242 3 30 [100] 160.0 20.0 0.2 0.864 0.839 6.08 0.05 [100] 800 0.03 0.98 1 1
243 3 30 [100] 160.0 20.0 0.4 0.845 0.798 5.592 0.05 [100] 800 0.03 0.98 1 1
