EXP split_seed random_seed neurons soft lambda_in sigma_in PICP_test MPIW_test RMSE alpha h_size epochs lr decay_rate ensemb n_runs
1 1 10 [50] 160.0 5.0 0.05 0.857 0.52 3.844 0.05 [50] 1200 0.016 0.97 1 1
2 1 10 [50] 160.0 5.0 0.2 0.857 0.486 3.862 0.05 [50] 1200 0.016 0.97 1 1
3 1 10 [50] 160.0 5.0 0.4 0.753 0.502 2.717 0.05 [50] 1200 0.016 0.97 1 1
4 1 10 [50] 160.0 15.0 0.05 0.818 0.696 3.56 0.05 [50] 1200 0.016 0.97 1 1
5 1 10 [50] 160.0 15.0 0.2 0.831 0.642 3.203 0.05 [50] 1200 0.016 0.97 1 1
6 1 10 [50] 160.0 15.0 0.4 0.805 0.568 3.015 0.05 [50] 1200 0.016 0.97 1 1
7 1 10 [50] 160.0 20.0 0.05 0.896 0.706 3.478 0.05 [50] 1200 0.016 0.97 1 1
8 1 10 [50] 160.0 20.0 0.2 0.87 0.61 4.047 0.05 [50] 1200 0.016 0.97 1 1
9 1 10 [50] 160.0 20.0 0.4 0.818 0.737 3.568 0.05 [50] 1200 0.016 0.97 1 1
10 1 10 [75] 160.0 5.0 0.05 0.831 0.525 3.869 0.05 [75] 1200 0.016 0.97 1 1
11 1 10 [75] 160.0 5.0 0.2 0.779 0.51 2.966 0.05 [75] 1200 0.016 0.97 1 1
12 1 10 [75] 160.0 5.0 0.4 0.714 0.494 2.881 0.05 [75] 1200 0.016 0.97 1 1
13 1 10 [75] 160.0 15.0 0.05 0.818 0.647 3.384 0.05 [75] 1200 0.016 0.97 1 1
14 1 10 [75] 160.0 15.0 0.2 0.818 0.664 3.508 0.05 [75] 1200 0.016 0.97 1 1
15 1 10 [75] 160.0 15.0 0.4 0.779 0.516 2.879 0.05 [75] 1200 0.016 0.97 1 1
16 1 10 [75] 160.0 20.0 0.05 0.857 0.681 3.409 0.05 [75] 1200 0.016 0.97 1 1
17 1 10 [75] 160.0 20.0 0.2 0.857 0.635 3.254 0.05 [75] 1200 0.016 0.97 1 1
18 1 10 [75] 160.0 20.0 0.4 0.779 0.614 3.204 0.05 [75] 1200 0.016 0.97 1 1
19 1 10 [100] 160.0 5.0 0.05 0.844 0.487 3.696 0.05 [100] 1200 0.016 0.97 1 1
20 1 10 [100] 160.0 5.0 0.2 0.779 0.43 3.527 0.05 [100] 1200 0.016 0.97 1 1
21 1 10 [100] 160.0 5.0 0.4 0.688 0.457 2.796 0.05 [100] 1200 0.016 0.97 1 1
22 1 10 [100] 160.0 15.0 0.05 0.857 0.598 3.137 0.05 [100] 1200 0.016 0.97 1 1
23 1 10 [100] 160.0 15.0 0.2 0.831 0.604 3.128 0.05 [100] 1200 0.016 0.97 1 1
24 1 10 [100] 160.0 15.0 0.4 0.792 0.625 3.192 0.05 [100] 1200 0.016 0.97 1 1
25 1 10 [100] 160.0 20.0 0.05 0.805 0.667 3.307 0.05 [100] 1200 0.016 0.97 1 1
26 1 10 [100] 160.0 20.0 0.2 0.805 0.627 3.256 0.05 [100] 1200 0.016 0.97 1 1
27 1 10 [100] 160.0 20.0 0.4 0.727 0.576 3.288 0.05 [100] 1200 0.016 0.97 1 1
28 1 20 [50] 160.0 5.0 0.05 0.792 0.502 3.895 0.05 [50] 1200 0.016 0.97 1 1
29 1 20 [50] 160.0 5.0 0.2 0.805 0.596 3.462 0.05 [50] 1200 0.016 0.97 1 1
30 1 20 [50] 160.0 5.0 0.4 0.688 0.505 3.126 0.05 [50] 1200 0.016 0.97 1 1
31 1 20 [50] 160.0 15.0 0.05 0.857 0.664 3.343 0.05 [50] 1200 0.016 0.97 1 1
32 1 20 [50] 160.0 15.0 0.2 0.883 0.66 3.365 0.05 [50] 1200 0.016 0.97 1 1
33 1 20 [50] 160.0 15.0 0.4 0.792 0.611 3.528 0.05 [50] 1200 0.016 0.97 1 1
34 1 20 [50] 160.0 20.0 0.05 0.818 0.688 3.338 0.05 [50] 1200 0.016 0.97 1 1
35 1 20 [50] 160.0 20.0 0.2 0.831 0.676 3.431 0.05 [50] 1200 0.016 0.97 1 1
36 1 20 [50] 160.0 20.0 0.4 0.805 0.626 3.559 0.05 [50] 1200 0.016 0.97 1 1
37 1 20 [75] 160.0 5.0 0.05 0.857 0.496 3.817 0.05 [75] 1200 0.016 0.97 1 1
38 1 20 [75] 160.0 5.0 0.2 0.805 0.431 3.566 0.05 [75] 1200 0.016 0.97 1 1
39 1 20 [75] 160.0 5.0 0.4 0.766 0.469 2.634 0.05 [75] 1200 0.016 0.97 1 1
40 1 20 [75] 160.0 15.0 0.05 0.818 0.635 3.266 0.05 [75] 1200 0.016 0.97 1 1
41 1 20 [75] 160.0 15.0 0.2 0.805 0.591 3.078 0.05 [75] 1200 0.016 0.97 1 1
42 1 20 [75] 160.0 15.0 0.4 0.805 0.596 3.121 0.05 [75] 1200 0.016 0.97 1 1
43 1 20 [75] 160.0 20.0 0.05 0.857 0.63 3.15 0.05 [75] 1200 0.016 0.97 1 1
44 1 20 [75] 160.0 20.0 0.2 0.818 0.687 3.462 0.05 [75] 1200 0.016 0.97 1 1
45 1 20 [75] 160.0 20.0 0.4 0.792 0.603 3.22 0.05 [75] 1200 0.016 0.97 1 1
46 1 20 [100] 160.0 5.0 0.05 0.831 0.486 3.666 0.05 [100] 1200 0.016 0.97 1 1
47 1 20 [100] 160.0 5.0 0.2 0.792 0.439 3.721 0.05 [100] 1200 0.016 0.97 1 1
48 1 20 [100] 160.0 5.0 0.4 0.688 0.418 2.654 0.05 [100] 1200 0.016 0.97 1 1
49 1 20 [100] 160.0 15.0 0.05 0.805 0.634 3.324 0.05 [100] 1200 0.016 0.97 1 1
50 1 20 [100] 160.0 15.0 0.2 0.844 0.597 3.004 0.05 [100] 1200 0.016 0.97 1 1
51 1 20 [100] 160.0 15.0 0.4 0.753 0.549 2.958 0.05 [100] 1200 0.016 0.97 1 1
52 1 20 [100] 160.0 20.0 0.05 0.844 0.644 3.37 0.05 [100] 1200 0.016 0.97 1 1
53 1 20 [100] 160.0 20.0 0.2 0.779 0.598 3.191 0.05 [100] 1200 0.016 0.97 1 1
54 1 20 [100] 160.0 20.0 0.4 0.805 0.589 2.991 0.05 [100] 1200 0.016 0.97 1 1
55 1 30 [50] 160.0 5.0 0.05 0.792 0.556 4.12 0.05 [50] 1200 0.016 0.97 1 1
56 1 30 [50] 160.0 5.0 0.2 0.805 0.478 3.868 0.05 [50] 1200 0.016 0.97 1 1
57 1 30 [50] 160.0 5.0 0.4 0.857 0.535 3.055 0.05 [50] 1200 0.016 0.97 1 1
58 1 30 [50] 160.0 15.0 0.05 0.87 0.678 3.442 0.05 [50] 1200 0.016 0.97 1 1
59 1 30 [50] 160.0 15.0 0.2 0.844 0.654 3.821 0.05 [50] 1200 0.016 0.97 1 1
60 1 30 [50] 160.0 15.0 0.4 0.792 0.636 3.482 0.05 [50] 1200 0.016 0.97 1 1
61 1 30 [50] 160.0 20.0 0.05 0.831 0.658 3.787 0.05 [50] 1200 0.016 0.97 1 1
62 1 30 [50] 160.0 20.0 0.2 0.87 0.639 3.251 0.05 [50] 1200 0.016 0.97 1 1
63 1 30 [50] 160.0 20.0 0.4 0.87 0.629 3.173 0.05 [50] 1200 0.016 0.97 1 1
64 1 30 [75] 160.0 5.0 0.05 0.857 0.467 3.855 0.05 [75] 1200 0.016 0.97 1 1
65 1 30 [75] 160.0 5.0 0.2 0.805 0.507 2.902 0.05 [75] 1200 0.016 0.97 1 1
66 1 30 [75] 160.0 5.0 0.4 0.753 0.395 2.532 0.05 [75] 1200 0.016 0.97 1 1
67 1 30 [75] 160.0 15.0 0.05 0.818 0.611 3.137 0.05 [75] 1200 0.016 0.97 1 1
68 1 30 [75] 160.0 15.0 0.2 0.87 0.606 3.206 0.05 [75] 1200 0.016 0.97 1 1
69 1 30 [75] 160.0 15.0 0.4 0.766 0.55 3.002 0.05 [75] 1200 0.016 0.97 1 1
70 1 30 [75] 160.0 20.0 0.05 0.857 0.655 3.338 0.05 [75] 1200 0.016 0.97 1 1
71 1 30 [75] 160.0 20.0 0.2 0.857 0.663 3.402 0.05 [75] 1200 0.016 0.97 1 1
72 1 30 [75] 160.0 20.0 0.4 0.844 0.604 3.257 0.05 [75] 1200 0.016 0.97 1 1
73 1 30 [100] 160.0 5.0 0.05 0.805 0.524 2.907 0.05 [100] 1200 0.016 0.97 1 1
74 1 30 [100] 160.0 5.0 0.2 0.766 0.421 3.507 0.05 [100] 1200 0.016 0.97 1 1
75 1 30 [100] 160.0 5.0 0.4 0.727 0.403 2.422 0.05 [100] 1200 0.016 0.97 1 1
76 1 30 [100] 160.0 15.0 0.05 0.857 0.591 3.014 0.05 [100] 1200 0.016 0.97 1 1
77 1 30 [100] 160.0 15.0 0.2 0.779 0.581 3.074 0.05 [100] 1200 0.016 0.97 1 1
78 1 30 [100] 160.0 15.0 0.4 0.727 0.521 2.933 0.05 [100] 1200 0.016 0.97 1 1
79 1 30 [100] 160.0 20.0 0.05 0.818 0.663 3.353 0.05 [100] 1200 0.016 0.97 1 1
80 1 30 [100] 160.0 20.0 0.2 0.792 0.643 3.318 0.05 [100] 1200 0.016 0.97 1 1
81 1 30 [100] 160.0 20.0 0.4 0.766 0.596 3.267 0.05 [100] 1200 0.016 0.97 1 1
82 2 10 [50] 160.0 5.0 0.05 0.818 0.461 3.141 0.05 [50] 1200 0.016 0.97 1 1
83 2 10 [50] 160.0 5.0 0.2 0.766 0.425 2.492 0.05 [50] 1200 0.016 0.97 1 1
84 2 10 [50] 160.0 5.0 0.4 0.766 0.492 2.606 0.05 [50] 1200 0.016 0.97 1 1
85 2 10 [50] 160.0 15.0 0.05 0.844 0.607 2.754 0.05 [50] 1200 0.016 0.97 1 1
86 2 10 [50] 160.0 15.0 0.2 0.896 0.652 2.963 0.05 [50] 1200 0.016 0.97 1 1
87 2 10 [50] 160.0 15.0 0.4 0.844 0.647 2.761 0.05 [50] 1200 0.016 0.97 1 1
88 2 10 [50] 160.0 20.0 0.05 0.883 0.621 2.841 0.05 [50] 1200 0.016 0.97 1 1
89 2 10 [50] 160.0 20.0 0.2 0.896 0.635 2.683 0.05 [50] 1200 0.016 0.97 1 1
90 2 10 [50] 160.0 20.0 0.4 0.818 0.674 2.95 0.05 [50] 1200 0.016 0.97 1 1
91 2 10 [75] 160.0 5.0 0.05 0.831 0.508 2.848 0.05 [75] 1200 0.016 0.97 1 1
92 2 10 [75] 160.0 5.0 0.2 0.779 0.507 2.728 0.05 [75] 1200 0.016 0.97 1 1
93 2 10 [75] 160.0 5.0 0.4 0.675 0.454 2.476 0.05 [75] 1200 0.016 0.97 1 1
94 2 10 [75] 160.0 15.0 0.05 0.818 0.506 2.537 0.05 [75] 1200 0.016 0.97 1 1
95 2 10 [75] 160.0 15.0 0.2 0.87 0.586 2.773 0.05 [75] 1200 0.016 0.97 1 1
96 2 10 [75] 160.0 15.0 0.4 0.74 0.498 2.372 0.05 [75] 1200 0.016 0.97 1 1
97 2 10 [75] 160.0 20.0 0.05 0.909 0.632 2.93 0.05 [75] 1200 0.016 0.97 1 1
98 2 10 [75] 160.0 20.0 0.2 0.831 0.634 2.976 0.05 [75] 1200 0.016 0.97 1 1
99 2 10 [75] 160.0 20.0 0.4 0.779 0.523 2.523 0.05 [75] 1200 0.016 0.97 1 1
100 2 10 [100] 160.0 5.0 0.05 0.74 0.444 3.078 0.05 [100] 1200 0.016 0.97 1 1
101 2 10 [100] 160.0 5.0 0.2 0.714 0.439 2.51 0.05 [100] 1200 0.016 0.97 1 1
102 2 10 [100] 160.0 5.0 0.4 0.792 0.405 2.247 0.05 [100] 1200 0.016 0.97 1 1
103 2 10 [100] 160.0 15.0 0.05 0.87 0.58 2.684 0.05 [100] 1200 0.016 0.97 1 1
104 2 10 [100] 160.0 15.0 0.2 0.831 0.551 2.793 0.05 [100] 1200 0.016 0.97 1 1
105 2 10 [100] 160.0 15.0 0.4 0.766 0.542 2.654 0.05 [100] 1200 0.016 0.97 1 1
106 2 10 [100] 160.0 20.0 0.05 0.857 0.594 2.81 0.05 [100] 1200 0.016 0.97 1 1
107 2 10 [100] 160.0 20.0 0.2 0.909 0.654 2.99 0.05 [100] 1200 0.016 0.97 1 1
108 2 10 [100] 160.0 20.0 0.4 0.766 0.606 2.825 0.05 [100] 1200 0.016 0.97 1 1
109 2 20 [50] 160.0 5.0 0.05 0.805 0.499 2.84 0.05 [50] 1200 0.016 0.97 1 1
110 2 20 [50] 160.0 5.0 0.2 0.818 0.493 3.291 0.05 [50] 1200 0.016 0.97 1 1
111 2 20 [50] 160.0 5.0 0.4 0.753 0.475 2.568 0.05 [50] 1200 0.016 0.97 1 1
112 2 20 [50] 160.0 15.0 0.05 0.87 0.618 2.844 0.05 [50] 1200 0.016 0.97 1 1
113 2 20 [50] 160.0 15.0 0.2 0.896 0.594 3.019 0.05 [50] 1200 0.016 0.97 1 1
114 2 20 [50] 160.0 15.0 0.4 0.753 0.6 3.046 0.05 [50] 1200 0.016 0.97 1 1
115 2 20 [50] 160.0 20.0 0.05 0.896 0.653 2.963 0.05 [50] 1200 0.016 0.97 1 1
116 2 20 [50] 160.0 20.0 0.2 0.831 0.64 3.074 0.05 [50] 1200 0.016 0.97 1 1
117 2 20 [50] 160.0 20.0 0.4 0.792 0.635 3.017 0.05 [50] 1200 0.016 0.97 1 1
118 2 20 [75] 160.0 5.0 0.05 0.792 0.492 3.248 0.05 [75] 1200 0.016 0.97 1 1
119 2 20 [75] 160.0 5.0 0.2 0.792 0.449 2.555 0.05 [75] 1200 0.016 0.97 1 1
120 2 20 [75] 160.0 5.0 0.4 0.805 0.388 2.165 0.05 [75] 1200 0.016 0.97 1 1
121 2 20 [75] 160.0 15.0 0.05 0.831 0.579 2.769 0.05 [75] 1200 0.016 0.97 1 1
122 2 20 [75] 160.0 15.0 0.2 0.87 0.628 2.998 0.05 [75] 1200 0.016 0.97 1 1
123 2 20 [75] 160.0 15.0 0.4 0.753 0.513 2.709 0.05 [75] 1200 0.016 0.97 1 1
124 2 20 [75] 160.0 20.0 0.05 0.87 0.604 2.77 0.05 [75] 1200 0.016 0.97 1 1
125 2 20 [75] 160.0 20.0 0.2 0.857 0.575 2.729 0.05 [75] 1200 0.016 0.97 1 1
126 2 20 [75] 160.0 20.0 0.4 0.805 0.523 2.536 0.05 [75] 1200 0.016 0.97 1 1
127 2 20 [100] 160.0 5.0 0.05 0.779 0.484 2.554 0.05 [100] 1200 0.016 0.97 1 1
128 2 20 [100] 160.0 5.0 0.2 0.727 0.437 2.387 0.05 [100] 1200 0.016 0.97 1 1
129 2 20 [100] 160.0 5.0 0.4 0.701 0.394 2.175 0.05 [100] 1200 0.016 0.97 1 1
130 2 20 [100] 160.0 15.0 0.05 0.857 0.609 2.858 0.05 [100] 1200 0.016 0.97 1 1
131 2 20 [100] 160.0 15.0 0.2 0.805 0.53 2.606 0.05 [100] 1200 0.016 0.97 1 1
132 2 20 [100] 160.0 15.0 0.4 0.779 0.495 2.365 0.05 [100] 1200 0.016 0.97 1 1
133 2 20 [100] 160.0 20.0 0.05 0.87 0.583 2.755 0.05 [100] 1200 0.016 0.97 1 1
134 2 20 [100] 160.0 20.0 0.2 0.844 0.615 2.946 0.05 [100] 1200 0.016 0.97 1 1
135 2 20 [100] 160.0 20.0 0.4 0.792 0.574 2.542 0.05 [100] 1200 0.016 0.97 1 1
136 2 30 [50] 160.0 5.0 0.05 0.818 0.489 3.155 0.05 [50] 1200 0.016 0.97 1 1
137 2 30 [50] 160.0 5.0 0.2 0.792 0.533 3.059 0.05 [50] 1200 0.016 0.97 1 1
138 2 30 [50] 160.0 5.0 0.4 0.714 0.486 2.507 0.05 [50] 1200 0.016 0.97 1 1
139 2 30 [50] 160.0 15.0 0.05 0.87 0.63 2.875 0.05 [50] 1200 0.016 0.97 1 1
140 2 30 [50] 160.0 15.0 0.2 0.857 0.598 2.83 0.05 [50] 1200 0.016 0.97 1 1
141 2 30 [50] 160.0 15.0 0.4 0.844 0.594 2.771 0.05 [50] 1200 0.016 0.97 1 1
142 2 30 [50] 160.0 20.0 0.05 0.896 0.634 2.971 0.05 [50] 1200 0.016 0.97 1 1
143 2 30 [50] 160.0 20.0 0.2 0.896 0.629 2.987 0.05 [50] 1200 0.016 0.97 1 1
144 2 30 [50] 160.0 20.0 0.4 0.883 0.615 2.957 0.05 [50] 1200 0.016 0.97 1 1
145 2 30 [75] 160.0 5.0 0.05 0.831 0.53 2.652 0.05 [75] 1200 0.016 0.97 1 1
146 2 30 [75] 160.0 5.0 0.2 0.844 0.509 2.56 0.05 [75] 1200 0.016 0.97 1 1
147 2 30 [75] 160.0 5.0 0.4 0.714 0.463 2.513 0.05 [75] 1200 0.016 0.97 1 1
148 2 30 [75] 160.0 15.0 0.05 0.831 0.578 2.685 0.05 [75] 1200 0.016 0.97 1 1
149 2 30 [75] 160.0 15.0 0.2 0.857 0.587 2.821 0.05 [75] 1200 0.016 0.97 1 1
150 2 30 [75] 160.0 15.0 0.4 0.792 0.577 2.945 0.05 [75] 1200 0.016 0.97 1 1
151 2 30 [75] 160.0 20.0 0.05 0.857 0.603 2.763 0.05 [75] 1200 0.016 0.97 1 1
152 2 30 [75] 160.0 20.0 0.2 0.857 0.583 2.787 0.05 [75] 1200 0.016 0.97 1 1
153 2 30 [75] 160.0 20.0 0.4 0.779 0.637 3.065 0.05 [75] 1200 0.016 0.97 1 1
154 2 30 [100] 160.0 5.0 0.05 0.779 0.442 2.526 0.05 [100] 1200 0.016 0.97 1 1
155 2 30 [100] 160.0 5.0 0.2 0.779 0.471 2.569 0.05 [100] 1200 0.016 0.97 1 1
156 2 30 [100] 160.0 5.0 0.4 0.766 0.455 2.392 0.05 [100] 1200 0.016 0.97 1 1
157 2 30 [100] 160.0 15.0 0.05 0.844 0.588 2.976 0.05 [100] 1200 0.016 0.97 1 1
158 2 30 [100] 160.0 15.0 0.2 0.857 0.563 2.789 0.05 [100] 1200 0.016 0.97 1 1
159 2 30 [100] 160.0 15.0 0.4 0.805 0.585 2.635 0.05 [100] 1200 0.016 0.97 1 1
160 2 30 [100] 160.0 20.0 0.05 0.844 0.617 2.87 0.05 [100] 1200 0.016 0.97 1 1
161 2 30 [100] 160.0 20.0 0.2 0.831 0.593 2.827 0.05 [100] 1200 0.016 0.97 1 1
162 2 30 [100] 160.0 20.0 0.4 0.831 0.576 2.665 0.05 [100] 1200 0.016 0.97 1 1
163 3 10 [50] 160.0 5.0 0.05 0.909 0.513 2.569 0.05 [50] 1200 0.016 0.97 1 1
164 3 10 [50] 160.0 5.0 0.2 0.857 0.454 2.614 0.05 [50] 1200 0.016 0.97 1 1
165 3 10 [50] 160.0 5.0 0.4 0.818 0.41 2.196 0.05 [50] 1200 0.016 0.97 1 1
166 3 10 [50] 160.0 15.0 0.05 0.87 0.528 2.625 0.05 [50] 1200 0.016 0.97 1 1
167 3 10 [50] 160.0 15.0 0.2 0.818 0.53 2.748 0.05 [50] 1200 0.016 0.97 1 1
168 3 10 [50] 160.0 15.0 0.4 0.844 0.549 2.532 0.05 [50] 1200 0.016 0.97 1 1
169 3 10 [50] 160.0 20.0 0.05 0.922 0.59 2.675 0.05 [50] 1200 0.016 0.97 1 1
170 3 10 [50] 160.0 20.0 0.2 0.883 0.546 2.755 0.05 [50] 1200 0.016 0.97 1 1
171 3 10 [50] 160.0 20.0 0.4 0.87 0.562 2.486 0.05 [50] 1200 0.016 0.97 1 1
172 3 10 [75] 160.0 5.0 0.05 0.831 0.461 2.51 0.05 [75] 1200 0.016 0.97 1 1
173 3 10 [75] 160.0 5.0 0.2 0.844 0.407 2.231 0.05 [75] 1200 0.016 0.97 1 1
174 3 10 [75] 160.0 5.0 0.4 0.766 0.368 1.974 0.05 [75] 1200 0.016 0.97 1 1
175 3 10 [75] 160.0 15.0 0.05 0.922 0.514 2.646 0.05 [75] 1200 0.016 0.97 1 1
176 3 10 [75] 160.0 15.0 0.2 0.883 0.519 2.753 0.05 [75] 1200 0.016 0.97 1 1
177 3 10 [75] 160.0 15.0 0.4 0.753 0.451 2.718 0.05 [75] 1200 0.016 0.97 1 1
178 3 10 [75] 160.0 20.0 0.05 0.857 0.51 2.551 0.05 [75] 1200 0.016 0.97 1 1
179 3 10 [75] 160.0 20.0 0.2 0.87 0.541 2.629 0.05 [75] 1200 0.016 0.97 1 1
180 3 10 [75] 160.0 20.0 0.4 0.753 0.437 2.279 0.05 [75] 1200 0.016 0.97 1 1
181 3 10 [100] 160.0 5.0 0.05 0.87 0.438 2.596 0.05 [100] 1200 0.016 0.97 1 1
182 3 10 [100] 160.0 5.0 0.2 0.857 0.409 2.139 0.05 [100] 1200 0.016 0.97 1 1
183 3 10 [100] 160.0 5.0 0.4 0.688 0.366 2.134 0.05 [100] 1200 0.016 0.97 1 1
184 3 10 [100] 160.0 15.0 0.05 0.909 0.482 2.622 0.05 [100] 1200 0.016 0.97 1 1
185 3 10 [100] 160.0 15.0 0.2 0.857 0.465 2.541 0.05 [100] 1200 0.016 0.97 1 1
186 3 10 [100] 160.0 15.0 0.4 0.779 0.519 2.466 0.05 [100] 1200 0.016 0.97 1 1
187 3 10 [100] 160.0 20.0 0.05 0.909 0.525 2.66 0.05 [100] 1200 0.016 0.97 1 1
188 3 10 [100] 160.0 20.0 0.2 0.935 0.499 2.396 0.05 [100] 1200 0.016 0.97 1 1
189 3 10 [100] 160.0 20.0 0.4 0.766 0.527 2.558 0.05 [100] 1200 0.016 0.97 1 1
190 3 20 [50] 160.0 5.0 0.05 0.857 0.465 2.436 0.05 [50] 1200 0.016 0.97 1 1
191 3 20 [50] 160.0 5.0 0.2 0.883 0.449 2.508 0.05 [50] 1200 0.016 0.97 1 1
192 3 20 [50] 160.0 5.0 0.4 0.87 0.425 2.042 0.05 [50] 1200 0.016 0.97 1 1
193 3 20 [50] 160.0 15.0 0.05 0.87 0.545 2.627 0.05 [50] 1200 0.016 0.97 1 1
194 3 20 [50] 160.0 15.0 0.2 0.909 0.498 2.506 0.05 [50] 1200 0.016 0.97 1 1
195 3 20 [50] 160.0 15.0 0.4 0.792 0.493 2.755 0.05 [50] 1200 0.016 0.97 1 1
196 3 20 [50] 160.0 20.0 0.05 0.87 0.555 2.643 0.05 [50] 1200 0.016 0.97 1 1
197 3 20 [50] 160.0 20.0 0.2 0.844 0.507 2.529 0.05 [50] 1200 0.016 0.97 1 1
198 3 20 [50] 160.0 20.0 0.4 0.87 0.529 2.719 0.05 [50] 1200 0.016 0.97 1 1
199 3 20 [75] 160.0 5.0 0.05 0.857 0.427 2.27 0.05 [75] 1200 0.016 0.97 1 1
200 3 20 [75] 160.0 5.0 0.2 0.844 0.382 2.459 0.05 [75] 1200 0.016 0.97 1 1
201 3 20 [75] 160.0 5.0 0.4 0.662 0.344 2.081 0.05 [75] 1200 0.016 0.97 1 1
202 3 20 [75] 160.0 15.0 0.05 0.857 0.513 2.535 0.05 [75] 1200 0.016 0.97 1 1
203 3 20 [75] 160.0 15.0 0.2 0.831 0.482 2.822 0.05 [75] 1200 0.016 0.97 1 1
204 3 20 [75] 160.0 15.0 0.4 0.74 0.478 2.519 0.05 [75] 1200 0.016 0.97 1 1
205 3 20 [75] 160.0 20.0 0.05 0.857 0.534 2.59 0.05 [75] 1200 0.016 0.97 1 1
206 3 20 [75] 160.0 20.0 0.2 0.909 0.53 2.537 0.05 [75] 1200 0.016 0.97 1 1
207 3 20 [75] 160.0 20.0 0.4 0.792 0.478 2.37 0.05 [75] 1200 0.016 0.97 1 1
208 3 20 [100] 160.0 5.0 0.05 0.792 0.426 2.458 0.05 [100] 1200 0.016 0.97 1 1
209 3 20 [100] 160.0 5.0 0.2 0.857 0.361 2.23 0.05 [100] 1200 0.016 0.97 1 1
210 3 20 [100] 160.0 5.0 0.4 0.727 0.339 2.024 0.05 [100] 1200 0.016 0.97 1 1
211 3 20 [100] 160.0 15.0 0.05 0.805 0.534 2.639 0.05 [100] 1200 0.016 0.97 1 1
212 3 20 [100] 160.0 15.0 0.2 0.857 0.477 2.522 0.05 [100] 1200 0.016 0.97 1 1
213 3 20 [100] 160.0 15.0 0.4 0.779 0.424 2.309 0.05 [100] 1200 0.016 0.97 1 1
214 3 20 [100] 160.0 20.0 0.05 0.857 0.498 2.614 0.05 [100] 1200 0.016 0.97 1 1
215 3 20 [100] 160.0 20.0 0.2 0.844 0.481 2.468 0.05 [100] 1200 0.016 0.97 1 1
216 3 20 [100] 160.0 20.0 0.4 0.753 0.425 2.255 0.05 [100] 1200 0.016 0.97 1 1
217 3 30 [50] 160.0 5.0 0.05 0.896 0.491 2.648 0.05 [50] 1200 0.016 0.97 1 1
218 3 30 [50] 160.0 5.0 0.2 0.909 0.444 2.584 0.05 [50] 1200 0.016 0.97 1 1
219 3 30 [50] 160.0 5.0 0.4 0.831 0.411 2.067 0.05 [50] 1200 0.016 0.97 1 1
220 3 30 [50] 160.0 15.0 0.05 0.883 0.546 2.63 0.05 [50] 1200 0.016 0.97 1 1
221 3 30 [50] 160.0 15.0 0.2 0.857 0.538 2.622 0.05 [50] 1200 0.016 0.97 1 1
222 3 30 [50] 160.0 15.0 0.4 0.909 0.534 2.587 0.05 [50] 1200 0.016 0.97 1 1
223 3 30 [50] 160.0 20.0 0.05 0.896 0.54 2.634 0.05 [50] 1200 0.016 0.97 1 1
224 3 30 [50] 160.0 20.0 0.2 0.896 0.536 2.601 0.05 [50] 1200 0.016 0.97 1 1
225 3 30 [50] 160.0 20.0 0.4 0.844 0.485 2.344 0.05 [50] 1200 0.016 0.97 1 1
226 3 30 [75] 160.0 5.0 0.05 0.831 0.399 2.275 0.05 [75] 1200 0.016 0.97 1 1
227 3 30 [75] 160.0 5.0 0.2 0.831 0.43 2.326 0.05 [75] 1200 0.016 0.97 1 1
228 3 30 [75] 160.0 5.0 0.4 0.831 0.386 2.299 0.05 [75] 1200 0.016 0.97 1 1
229 3 30 [75] 160.0 15.0 0.05 0.844 0.504 2.616 0.05 [75] 1200 0.016 0.97 1 1
230 3 30 [75] 160.0 15.0 0.2 0.87 0.505 2.743 0.05 [75] 1200 0.016 0.97 1 1
231 3 30 [75] 160.0 15.0 0.4 0.87 0.476 2.414 0.05 [75] 1200 0.016 0.97 1 1
232 3 30 [75] 160.0 20.0 0.05 0.883 0.521 2.619 0.05 [75] 1200 0.016 0.97 1 1
233 3 30 [75] 160.0 20.0 0.2 0.883 0.502 2.576 0.05 [75] 1200 0.016 0.97 1 1
234 3 30 [75] 160.0 20.0 0.4 0.844 0.48 2.306 0.05 [75] 1200 0.016 0.97 1 1
235 3 30 [100] 160.0 5.0 0.05 0.766 0.395 2.444 0.05 [100] 1200 0.016 0.97 1 1
236 3 30 [100] 160.0 5.0 0.2 0.844 0.389 2.493 0.05 [100] 1200 0.016 0.97 1 1
237 3 30 [100] 160.0 5.0 0.4 0.714 0.356 2.262 0.05 [100] 1200 0.016 0.97 1 1
238 3 30 [100] 160.0 15.0 0.05 0.857 0.492 2.562 0.05 [100] 1200 0.016 0.97 1 1
239 3 30 [100] 160.0 15.0 0.2 0.883 0.474 2.622 0.05 [100] 1200 0.016 0.97 1 1
240 3 30 [100] 160.0 15.0 0.4 0.74 0.446 2.62 0.05 [100] 1200 0.016 0.97 1 1
241 3 30 [100] 160.0 20.0 0.05 0.883 0.534 2.729 0.05 [100] 1200 0.016 0.97 1 1
242 3 30 [100] 160.0 20.0 0.2 0.87 0.525 2.57 0.05 [100] 1200 0.016 0.97 1 1
243 3 30 [100] 160.0 20.0 0.4 0.857 0.485 2.362 0.05 [100] 1200 0.016 0.97 1 1
