EXP split_seed random_seed neurons soft lambda_in sigma_in PICP_test MPIW_test RMSE alpha h_size epochs lr decay_rate ensemb n_runs
1 1 10 [50] 160.0 5.0 0.05 0.922 0.663 0.003 0.05 [50] 1000 0.006 0.998 1 1
2 1 10 [50] 160.0 5.0 0.2 0.926 0.537 0.003 0.05 [50] 1000 0.006 0.998 1 1
3 1 10 [50] 160.0 5.0 0.4 0.954 0.359 0.001 0.05 [50] 1000 0.006 0.998 1 1
4 1 10 [50] 160.0 15.0 0.05 0.948 0.86 0.004 0.05 [50] 1000 0.006 0.998 1 1
5 1 10 [50] 160.0 15.0 0.2 0.951 0.978 0.004 0.05 [50] 1000 0.006 0.998 1 1
6 1 10 [50] 160.0 15.0 0.4 0.961 0.664 0.002 0.05 [50] 1000 0.006 0.998 1 1
7 1 10 [50] 160.0 20.0 0.05 0.951 0.998 0.004 0.05 [50] 1000 0.006 0.998 1 1
8 1 10 [50] 160.0 20.0 0.2 0.951 0.98 0.004 0.05 [50] 1000 0.006 0.998 1 1
9 1 10 [50] 160.0 20.0 0.4 0.956 0.626 0.003 0.05 [50] 1000 0.006 0.998 1 1
10 1 10 [75] 160.0 5.0 0.05 0.918 0.608 0.004 0.05 [75] 1000 0.006 0.998 1 1
11 1 10 [75] 160.0 5.0 0.2 0.918 0.57 0.003 0.05 [75] 1000 0.006 0.998 1 1
12 1 10 [75] 160.0 5.0 0.4 0.945 0.397 0.002 0.05 [75] 1000 0.006 0.998 1 1
13 1 10 [75] 160.0 15.0 0.05 0.956 0.927 0.004 0.05 [75] 1000 0.006 0.998 1 1
14 1 10 [75] 160.0 15.0 0.2 0.951 0.868 0.004 0.05 [75] 1000 0.006 0.998 1 1
15 1 10 [75] 160.0 15.0 0.4 0.966 0.568 0.002 0.05 [75] 1000 0.006 0.998 1 1
16 1 10 [75] 160.0 20.0 0.05 0.957 0.915 0.004 0.05 [75] 1000 0.006 0.998 1 1
17 1 10 [75] 160.0 20.0 0.2 0.961 0.785 0.003 0.05 [75] 1000 0.006 0.998 1 1
18 1 10 [75] 160.0 20.0 0.4 0.961 0.661 0.003 0.05 [75] 1000 0.006 0.998 1 1
19 1 10 [100] 160.0 5.0 0.05 0.921 0.62 0.003 0.05 [100] 1000 0.006 0.998 1 1
20 1 10 [100] 160.0 5.0 0.2 0.94 0.456 0.002 0.05 [100] 1000 0.006 0.998 1 1
21 1 10 [100] 160.0 5.0 0.4 0.944 0.31 0.002 0.05 [100] 1000 0.006 0.998 1 1
22 1 10 [100] 160.0 15.0 0.05 0.953 0.932 0.004 0.05 [100] 1000 0.006 0.998 1 1
23 1 10 [100] 160.0 15.0 0.2 0.948 0.725 0.003 0.05 [100] 1000 0.006 0.998 1 1
24 1 10 [100] 160.0 15.0 0.4 0.956 0.56 0.002 0.05 [100] 1000 0.006 0.998 1 1
25 1 10 [100] 160.0 20.0 0.05 0.96 1.005 0.004 0.05 [100] 1000 0.006 0.998 1 1
26 1 10 [100] 160.0 20.0 0.2 0.951 0.872 0.003 0.05 [100] 1000 0.006 0.998 1 1
27 1 10 [100] 160.0 20.0 0.4 0.951 0.703 0.003 0.05 [100] 1000 0.006 0.998 1 1
28 1 20 [50] 160.0 5.0 0.05 0.934 0.64 0.003 0.05 [50] 1000 0.006 0.998 1 1
29 1 20 [50] 160.0 5.0 0.2 0.934 0.598 0.003 0.05 [50] 1000 0.006 0.998 1 1
30 1 20 [50] 160.0 5.0 0.4 0.952 0.375 0.002 0.05 [50] 1000 0.006 0.998 1 1
31 1 20 [50] 160.0 15.0 0.05 0.95 0.886 0.004 0.05 [50] 1000 0.006 0.998 1 1
32 1 20 [50] 160.0 15.0 0.2 0.95 0.945 0.004 0.05 [50] 1000 0.006 0.998 1 1
33 1 20 [50] 160.0 15.0 0.4 0.96 0.653 0.002 0.05 [50] 1000 0.006 0.998 1 1
34 1 20 [50] 160.0 20.0 0.05 0.957 0.989 0.004 0.05 [50] 1000 0.006 0.998 1 1
35 1 20 [50] 160.0 20.0 0.2 0.957 0.913 0.003 0.05 [50] 1000 0.006 0.998 1 1
36 1 20 [50] 160.0 20.0 0.4 0.961 0.773 0.003 0.05 [50] 1000 0.006 0.998 1 1
37 1 20 [75] 160.0 5.0 0.05 0.931 0.672 0.004 0.05 [75] 1000 0.006 0.998 1 1
38 1 20 [75] 160.0 5.0 0.2 0.93 0.543 0.002 0.05 [75] 1000 0.006 0.998 1 1
39 1 20 [75] 160.0 5.0 0.4 0.937 0.414 0.002 0.05 [75] 1000 0.006 0.998 1 1
40 1 20 [75] 160.0 15.0 0.05 0.95 0.86 0.003 0.05 [75] 1000 0.006 0.998 1 1
41 1 20 [75] 160.0 15.0 0.2 0.951 0.932 0.003 0.05 [75] 1000 0.006 0.998 1 1
42 1 20 [75] 160.0 15.0 0.4 0.956 0.614 0.002 0.05 [75] 1000 0.006 0.998 1 1
43 1 20 [75] 160.0 20.0 0.05 0.951 0.965 0.004 0.05 [75] 1000 0.006 0.998 1 1
44 1 20 [75] 160.0 20.0 0.2 0.955 1.077 0.004 0.05 [75] 1000 0.006 0.998 1 1
45 1 20 [75] 160.0 20.0 0.4 0.957 0.708 0.002 0.05 [75] 1000 0.006 0.998 1 1
46 1 20 [100] 160.0 5.0 0.05 0.921 0.643 0.003 0.05 [100] 1000 0.006 0.998 1 1
47 1 20 [100] 160.0 5.0 0.2 0.922 0.54 0.003 0.05 [100] 1000 0.006 0.998 1 1
48 1 20 [100] 160.0 5.0 0.4 0.951 0.404 0.002 0.05 [100] 1000 0.006 0.998 1 1
49 1 20 [100] 160.0 15.0 0.05 0.944 0.92 0.004 0.05 [100] 1000 0.006 0.998 1 1
50 1 20 [100] 160.0 15.0 0.2 0.954 0.981 0.004 0.05 [100] 1000 0.006 0.998 1 1
51 1 20 [100] 160.0 15.0 0.4 0.957 0.512 0.002 0.05 [100] 1000 0.006 0.998 1 1
52 1 20 [100] 160.0 20.0 0.05 0.95 1.033 0.004 0.05 [100] 1000 0.006 0.998 1 1
53 1 20 [100] 160.0 20.0 0.2 0.957 0.998 0.004 0.05 [100] 1000 0.006 0.998 1 1
54 1 20 [100] 160.0 20.0 0.4 0.963 0.613 0.003 0.05 [100] 1000 0.006 0.998 1 1
55 1 30 [50] 160.0 5.0 0.05 0.921 0.722 0.004 0.05 [50] 1000 0.006 0.998 1 1
56 1 30 [50] 160.0 5.0 0.2 0.928 0.513 0.003 0.05 [50] 1000 0.006 0.998 1 1
57 1 30 [50] 160.0 5.0 0.4 0.952 0.364 0.001 0.05 [50] 1000 0.006 0.998 1 1
58 1 30 [50] 160.0 15.0 0.05 0.96 0.993 0.004 0.05 [50] 1000 0.006 0.998 1 1
59 1 30 [50] 160.0 15.0 0.2 0.952 0.784 0.003 0.05 [50] 1000 0.006 0.998 1 1
60 1 30 [50] 160.0 15.0 0.4 0.954 0.561 0.002 0.05 [50] 1000 0.006 0.998 1 1
61 1 30 [50] 160.0 20.0 0.05 0.951 1.041 0.004 0.05 [50] 1000 0.006 0.998 1 1
62 1 30 [50] 160.0 20.0 0.2 0.961 0.847 0.003 0.05 [50] 1000 0.006 0.998 1 1
63 1 30 [50] 160.0 20.0 0.4 0.964 0.629 0.002 0.05 [50] 1000 0.006 0.998 1 1
64 1 30 [75] 160.0 5.0 0.05 0.925 0.583 0.003 0.05 [75] 1000 0.006 0.998 1 1
65 1 30 [75] 160.0 5.0 0.2 0.933 0.496 0.003 0.05 [75] 1000 0.006 0.998 1 1
66 1 30 [75] 160.0 5.0 0.4 0.946 0.368 0.002 0.05 [75] 1000 0.006 0.998 1 1
67 1 30 [75] 160.0 15.0 0.05 0.944 0.874 0.004 0.05 [75] 1000 0.006 0.998 1 1
68 1 30 [75] 160.0 15.0 0.2 0.943 0.76 0.003 0.05 [75] 1000 0.006 0.998 1 1
69 1 30 [75] 160.0 15.0 0.4 0.959 0.629 0.002 0.05 [75] 1000 0.006 0.998 1 1
70 1 30 [75] 160.0 20.0 0.05 0.952 1.033 0.004 0.05 [75] 1000 0.006 0.998 1 1
71 1 30 [75] 160.0 20.0 0.2 0.961 0.935 0.003 0.05 [75] 1000 0.006 0.998 1 1
72 1 30 [75] 160.0 20.0 0.4 0.959 0.76 0.003 0.05 [75] 1000 0.006 0.998 1 1
73 1 30 [100] 160.0 5.0 0.05 0.918 0.593 0.003 0.05 [100] 1000 0.006 0.998 1 1
74 1 30 [100] 160.0 5.0 0.2 0.911 0.575 0.003 0.05 [100] 1000 0.006 0.998 1 1
75 1 30 [100] 160.0 5.0 0.4 0.946 0.348 0.002 0.05 [100] 1000 0.006 0.998 1 1
76 1 30 [100] 160.0 15.0 0.05 0.947 0.914 0.004 0.05 [100] 1000 0.006 0.998 1 1
77 1 30 [100] 160.0 15.0 0.2 0.953 0.799 0.003 0.05 [100] 1000 0.006 0.998 1 1
78 1 30 [100] 160.0 15.0 0.4 0.955 0.597 0.002 0.05 [100] 1000 0.006 0.998 1 1
79 1 30 [100] 160.0 20.0 0.05 0.951 1.114 0.004 0.05 [100] 1000 0.006 0.998 1 1
80 1 30 [100] 160.0 20.0 0.2 0.946 0.845 0.003 0.05 [100] 1000 0.006 0.998 1 1
81 1 30 [100] 160.0 20.0 0.4 0.96 0.664 0.002 0.05 [100] 1000 0.006 0.998 1 1
82 2 10 [50] 160.0 5.0 0.05 0.928 0.635 0.003 0.05 [50] 1000 0.006 0.998 1 1
83 2 10 [50] 160.0 5.0 0.2 0.925 0.564 0.003 0.05 [50] 1000 0.006 0.998 1 1
84 2 10 [50] 160.0 5.0 0.4 0.952 0.35 0.001 0.05 [50] 1000 0.006 0.998 1 1
85 2 10 [50] 160.0 15.0 0.05 0.953 0.924 0.004 0.05 [50] 1000 0.006 0.998 1 1
86 2 10 [50] 160.0 15.0 0.2 0.942 0.92 0.004 0.05 [50] 1000 0.006 0.998 1 1
87 2 10 [50] 160.0 15.0 0.4 0.961 0.553 0.002 0.05 [50] 1000 0.006 0.998 1 1
88 2 10 [50] 160.0 20.0 0.05 0.952 1.069 0.004 0.05 [50] 1000 0.006 0.998 1 1
89 2 10 [50] 160.0 20.0 0.2 0.949 0.828 0.003 0.05 [50] 1000 0.006 0.998 1 1
90 2 10 [50] 160.0 20.0 0.4 0.953 0.7 0.003 0.05 [50] 1000 0.006 0.998 1 1
91 2 10 [75] 160.0 5.0 0.05 0.922 0.613 0.003 0.05 [75] 1000 0.006 0.998 1 1
92 2 10 [75] 160.0 5.0 0.2 0.921 0.76 0.004 0.05 [75] 1000 0.006 0.998 1 1
93 2 10 [75] 160.0 5.0 0.4 0.936 0.414 0.002 0.05 [75] 1000 0.006 0.998 1 1
94 2 10 [75] 160.0 15.0 0.05 0.942 0.969 0.004 0.05 [75] 1000 0.006 0.998 1 1
95 2 10 [75] 160.0 15.0 0.2 0.945 0.821 0.003 0.05 [75] 1000 0.006 0.998 1 1
96 2 10 [75] 160.0 15.0 0.4 0.951 0.549 0.002 0.05 [75] 1000 0.006 0.998 1 1
97 2 10 [75] 160.0 20.0 0.05 0.951 0.892 0.003 0.05 [75] 1000 0.006 0.998 1 1
98 2 10 [75] 160.0 20.0 0.2 0.944 0.891 0.004 0.05 [75] 1000 0.006 0.998 1 1
99 2 10 [75] 160.0 20.0 0.4 0.956 0.663 0.003 0.05 [75] 1000 0.006 0.998 1 1
100 2 10 [100] 160.0 5.0 0.05 0.934 0.58 0.003 0.05 [100] 1000 0.006 0.998 1 1
101 2 10 [100] 160.0 5.0 0.2 0.914 0.573 0.003 0.05 [100] 1000 0.006 0.998 1 1
102 2 10 [100] 160.0 5.0 0.4 0.942 0.332 0.002 0.05 [100] 1000 0.006 0.998 1 1
103 2 10 [100] 160.0 15.0 0.05 0.945 0.833 0.003 0.05 [100] 1000 0.006 0.998 1 1
104 2 10 [100] 160.0 15.0 0.2 0.936 0.771 0.003 0.05 [100] 1000 0.006 0.998 1 1
105 2 10 [100] 160.0 15.0 0.4 0.962 0.501 0.002 0.05 [100] 1000 0.006 0.998 1 1
106 2 10 [100] 160.0 20.0 0.05 0.951 1.032 0.004 0.05 [100] 1000 0.006 0.998 1 1
107 2 10 [100] 160.0 20.0 0.2 0.941 0.853 0.003 0.05 [100] 1000 0.006 0.998 1 1
108 2 10 [100] 160.0 20.0 0.4 0.957 0.611 0.002 0.05 [100] 1000 0.006 0.998 1 1
109 2 20 [50] 160.0 5.0 0.05 0.926 0.733 0.004 0.05 [50] 1000 0.006 0.998 1 1
110 2 20 [50] 160.0 5.0 0.2 0.941 0.515 0.002 0.05 [50] 1000 0.006 0.998 1 1
111 2 20 [50] 160.0 5.0 0.4 0.938 0.519 0.002 0.05 [50] 1000 0.006 0.998 1 1
112 2 20 [50] 160.0 15.0 0.05 0.955 1.023 0.004 0.05 [50] 1000 0.006 0.998 1 1
113 2 20 [50] 160.0 15.0 0.2 0.951 0.851 0.003 0.05 [50] 1000 0.006 0.998 1 1
114 2 20 [50] 160.0 15.0 0.4 0.945 0.622 0.002 0.05 [50] 1000 0.006 0.998 1 1
115 2 20 [50] 160.0 20.0 0.05 0.95 1.025 0.004 0.05 [50] 1000 0.006 0.998 1 1
116 2 20 [50] 160.0 20.0 0.2 0.954 0.99 0.004 0.05 [50] 1000 0.006 0.998 1 1
117 2 20 [50] 160.0 20.0 0.4 0.954 0.763 0.003 0.05 [50] 1000 0.006 0.998 1 1
118 2 20 [75] 160.0 5.0 0.05 0.932 0.662 0.003 0.05 [75] 1000 0.006 0.998 1 1
119 2 20 [75] 160.0 5.0 0.2 0.921 0.52 0.003 0.05 [75] 1000 0.006 0.998 1 1
120 2 20 [75] 160.0 5.0 0.4 0.943 0.426 0.002 0.05 [75] 1000 0.006 0.998 1 1
121 2 20 [75] 160.0 15.0 0.05 0.947 0.881 0.004 0.05 [75] 1000 0.006 0.998 1 1
122 2 20 [75] 160.0 15.0 0.2 0.938 0.843 0.003 0.05 [75] 1000 0.006 0.998 1 1
123 2 20 [75] 160.0 15.0 0.4 0.95 0.657 0.003 0.05 [75] 1000 0.006 0.998 1 1
124 2 20 [75] 160.0 20.0 0.05 0.951 1.006 0.004 0.05 [75] 1000 0.006 0.998 1 1
125 2 20 [75] 160.0 20.0 0.2 0.946 0.949 0.004 0.05 [75] 1000 0.006 0.998 1 1
126 2 20 [75] 160.0 20.0 0.4 0.957 0.693 0.003 0.05 [75] 1000 0.006 0.998 1 1
127 2 20 [100] 160.0 5.0 0.05 0.946 0.57 0.003 0.05 [100] 1000 0.006 0.998 1 1
128 2 20 [100] 160.0 5.0 0.2 0.927 0.644 0.003 0.05 [100] 1000 0.006 0.998 1 1
129 2 20 [100] 160.0 5.0 0.4 0.946 0.356 0.002 0.05 [100] 1000 0.006 0.998 1 1
130 2 20 [100] 160.0 15.0 0.05 0.945 0.912 0.004 0.05 [100] 1000 0.006 0.998 1 1
131 2 20 [100] 160.0 15.0 0.2 0.945 0.891 0.003 0.05 [100] 1000 0.006 0.998 1 1
132 2 20 [100] 160.0 15.0 0.4 0.954 0.881 0.003 0.05 [100] 1000 0.006 0.998 1 1
133 2 20 [100] 160.0 20.0 0.05 0.948 0.978 0.004 0.05 [100] 1000 0.006 0.998 1 1
134 2 20 [100] 160.0 20.0 0.2 0.954 0.863 0.003 0.05 [100] 1000 0.006 0.998 1 1
135 2 20 [100] 160.0 20.0 0.4 0.951 0.64 0.003 0.05 [100] 1000 0.006 0.998 1 1
136 2 30 [50] 160.0 5.0 0.05 0.941 0.687 0.002 0.05 [50] 1000 0.006 0.998 1 1
137 2 30 [50] 160.0 5.0 0.2 0.937 0.524 0.002 0.05 [50] 1000 0.006 0.998 1 1
138 2 30 [50] 160.0 5.0 0.4 0.935 0.344 0.001 0.05 [50] 1000 0.006 0.998 1 1
139 2 30 [50] 160.0 15.0 0.05 0.946 0.851 0.003 0.05 [50] 1000 0.006 0.998 1 1
140 2 30 [50] 160.0 15.0 0.2 0.935 0.757 0.003 0.05 [50] 1000 0.006 0.998 1 1
141 2 30 [50] 160.0 15.0 0.4 0.956 0.705 0.002 0.05 [50] 1000 0.006 0.998 1 1
142 2 30 [50] 160.0 20.0 0.05 0.95 1.001 0.003 0.05 [50] 1000 0.006 0.998 1 1
143 2 30 [50] 160.0 20.0 0.2 0.951 0.864 0.003 0.05 [50] 1000 0.006 0.998 1 1
144 2 30 [50] 160.0 20.0 0.4 0.954 0.686 0.002 0.05 [50] 1000 0.006 0.998 1 1
145 2 30 [75] 160.0 5.0 0.05 0.925 0.594 0.003 0.05 [75] 1000 0.006 0.998 1 1
146 2 30 [75] 160.0 5.0 0.2 0.937 0.453 0.002 0.05 [75] 1000 0.006 0.998 1 1
147 2 30 [75] 160.0 5.0 0.4 0.942 0.437 0.002 0.05 [75] 1000 0.006 0.998 1 1
148 2 30 [75] 160.0 15.0 0.05 0.942 1.068 0.004 0.05 [75] 1000 0.006 0.998 1 1
149 2 30 [75] 160.0 15.0 0.2 0.944 0.776 0.003 0.05 [75] 1000 0.006 0.998 1 1
150 2 30 [75] 160.0 15.0 0.4 0.956 0.616 0.002 0.05 [75] 1000 0.006 0.998 1 1
151 2 30 [75] 160.0 20.0 0.05 0.952 0.991 0.004 0.05 [75] 1000 0.006 0.998 1 1
152 2 30 [75] 160.0 20.0 0.2 0.946 0.972 0.004 0.05 [75] 1000 0.006 0.998 1 1
153 2 30 [75] 160.0 20.0 0.4 0.956 0.729 0.003 0.05 [75] 1000 0.006 0.998 1 1
154 2 30 [100] 160.0 5.0 0.05 0.925 0.614 0.003 0.05 [100] 1000 0.006 0.998 1 1
155 2 30 [100] 160.0 5.0 0.2 0.915 0.628 0.003 0.05 [100] 1000 0.006 0.998 1 1
156 2 30 [100] 160.0 5.0 0.4 0.951 0.313 0.002 0.05 [100] 1000 0.006 0.998 1 1
157 2 30 [100] 160.0 15.0 0.05 0.945 0.955 0.004 0.05 [100] 1000 0.006 0.998 1 1
158 2 30 [100] 160.0 15.0 0.2 0.946 0.842 0.003 0.05 [100] 1000 0.006 0.998 1 1
159 2 30 [100] 160.0 15.0 0.4 0.951 0.615 0.002 0.05 [100] 1000 0.006 0.998 1 1
160 2 30 [100] 160.0 20.0 0.05 0.952 0.988 0.004 0.05 [100] 1000 0.006 0.998 1 1
161 2 30 [100] 160.0 20.0 0.2 0.951 0.884 0.003 0.05 [100] 1000 0.006 0.998 1 1
162 2 30 [100] 160.0 20.0 0.4 0.951 0.721 0.003 0.05 [100] 1000 0.006 0.998 1 1
163 3 10 [50] 160.0 5.0 0.05 0.934 0.782 0.003 0.05 [50] 1000 0.006 0.998 1 1
164 3 10 [50] 160.0 5.0 0.2 0.925 0.578 0.003 0.05 [50] 1000 0.006 0.998 1 1
165 3 10 [50] 160.0 5.0 0.4 0.951 0.335 0.001 0.05 [50] 1000 0.006 0.998 1 1
166 3 10 [50] 160.0 15.0 0.05 0.945 0.864 0.004 0.05 [50] 1000 0.006 0.998 1 1
167 3 10 [50] 160.0 15.0 0.2 0.943 0.783 0.003 0.05 [50] 1000 0.006 0.998 1 1
168 3 10 [50] 160.0 15.0 0.4 0.951 0.584 0.002 0.05 [50] 1000 0.006 0.998 1 1
169 3 10 [50] 160.0 20.0 0.05 0.946 1.107 0.004 0.05 [50] 1000 0.006 0.998 1 1
170 3 10 [50] 160.0 20.0 0.2 0.947 1.04 0.004 0.05 [50] 1000 0.006 0.998 1 1
171 3 10 [50] 160.0 20.0 0.4 0.95 0.686 0.003 0.05 [50] 1000 0.006 0.998 1 1
172 3 10 [75] 160.0 5.0 0.05 0.927 0.611 0.003 0.05 [75] 1000 0.006 0.998 1 1
173 3 10 [75] 160.0 5.0 0.2 0.918 0.625 0.004 0.05 [75] 1000 0.006 0.998 1 1
174 3 10 [75] 160.0 5.0 0.4 0.944 0.33 0.002 0.05 [75] 1000 0.006 0.998 1 1
175 3 10 [75] 160.0 15.0 0.05 0.96 0.91 0.004 0.05 [75] 1000 0.006 0.998 1 1
176 3 10 [75] 160.0 15.0 0.2 0.941 0.772 0.004 0.05 [75] 1000 0.006 0.998 1 1
177 3 10 [75] 160.0 15.0 0.4 0.951 0.655 0.003 0.05 [75] 1000 0.006 0.998 1 1
178 3 10 [75] 160.0 20.0 0.05 0.959 1.003 0.004 0.05 [75] 1000 0.006 0.998 1 1
179 3 10 [75] 160.0 20.0 0.2 0.956 0.896 0.004 0.05 [75] 1000 0.006 0.998 1 1
180 3 10 [75] 160.0 20.0 0.4 0.949 0.637 0.003 0.05 [75] 1000 0.006 0.998 1 1
181 3 10 [100] 160.0 5.0 0.05 0.929 0.808 0.003 0.05 [100] 1000 0.006 0.998 1 1
182 3 10 [100] 160.0 5.0 0.2 0.929 0.477 0.003 0.05 [100] 1000 0.006 0.998 1 1
183 3 10 [100] 160.0 5.0 0.4 0.964 0.291 0.001 0.05 [100] 1000 0.006 0.998 1 1
184 3 10 [100] 160.0 15.0 0.05 0.952 1.025 0.004 0.05 [100] 1000 0.006 0.998 1 1
185 3 10 [100] 160.0 15.0 0.2 0.946 0.685 0.003 0.05 [100] 1000 0.006 0.998 1 1
186 3 10 [100] 160.0 15.0 0.4 0.946 0.562 0.002 0.05 [100] 1000 0.006 0.998 1 1
187 3 10 [100] 160.0 20.0 0.05 0.948 0.925 0.004 0.05 [100] 1000 0.006 0.998 1 1
188 3 10 [100] 160.0 20.0 0.2 0.945 0.832 0.003 0.05 [100] 1000 0.006 0.998 1 1
189 3 10 [100] 160.0 20.0 0.4 0.959 0.6 0.002 0.05 [100] 1000 0.006 0.998 1 1
190 3 20 [50] 160.0 5.0 0.05 0.927 0.615 0.003 0.05 [50] 1000 0.006 0.998 1 1
191 3 20 [50] 160.0 5.0 0.2 0.914 0.573 0.003 0.05 [50] 1000 0.006 0.998 1 1
192 3 20 [50] 160.0 5.0 0.4 0.938 0.407 0.002 0.05 [50] 1000 0.006 0.998 1 1
193 3 20 [50] 160.0 15.0 0.05 0.946 0.894 0.004 0.05 [50] 1000 0.006 0.998 1 1
194 3 20 [50] 160.0 15.0 0.2 0.941 0.975 0.004 0.05 [50] 1000 0.006 0.998 1 1
195 3 20 [50] 160.0 15.0 0.4 0.95 0.701 0.003 0.05 [50] 1000 0.006 0.998 1 1
196 3 20 [50] 160.0 20.0 0.05 0.956 0.971 0.004 0.05 [50] 1000 0.006 0.998 1 1
197 3 20 [50] 160.0 20.0 0.2 0.948 0.812 0.003 0.05 [50] 1000 0.006 0.998 1 1
198 3 20 [50] 160.0 20.0 0.4 0.952 0.863 0.003 0.05 [50] 1000 0.006 0.998 1 1
199 3 20 [75] 160.0 5.0 0.05 0.93 0.69 0.004 0.05 [75] 1000 0.006 0.998 1 1
200 3 20 [75] 160.0 5.0 0.2 0.93 0.596 0.003 0.05 [75] 1000 0.006 0.998 1 1
201 3 20 [75] 160.0 5.0 0.4 0.954 0.384 0.002 0.05 [75] 1000 0.006 0.998 1 1
202 3 20 [75] 160.0 15.0 0.05 0.955 0.938 0.004 0.05 [75] 1000 0.006 0.998 1 1
203 3 20 [75] 160.0 15.0 0.2 0.936 0.835 0.003 0.05 [75] 1000 0.006 0.998 1 1
204 3 20 [75] 160.0 15.0 0.4 0.955 0.56 0.002 0.05 [75] 1000 0.006 0.998 1 1
205 3 20 [75] 160.0 20.0 0.05 0.956 1.057 0.004 0.05 [75] 1000 0.006 0.998 1 1
206 3 20 [75] 160.0 20.0 0.2 0.95 1.068 0.004 0.05 [75] 1000 0.006 0.998 1 1
207 3 20 [75] 160.0 20.0 0.4 0.942 0.742 0.003 0.05 [75] 1000 0.006 0.998 1 1
208 3 20 [100] 160.0 5.0 0.05 0.929 0.605 0.003 0.05 [100] 1000 0.006 0.998 1 1
209 3 20 [100] 160.0 5.0 0.2 0.929 0.653 0.003 0.05 [100] 1000 0.006 0.998 1 1
210 3 20 [100] 160.0 5.0 0.4 0.939 0.377 0.002 0.05 [100] 1000 0.006 0.998 1 1
211 3 20 [100] 160.0 15.0 0.05 0.95 0.932 0.004 0.05 [100] 1000 0.006 0.998 1 1
212 3 20 [100] 160.0 15.0 0.2 0.942 0.735 0.003 0.05 [100] 1000 0.006 0.998 1 1
213 3 20 [100] 160.0 15.0 0.4 0.955 0.558 0.002 0.05 [100] 1000 0.006 0.998 1 1
214 3 20 [100] 160.0 20.0 0.05 0.95 1.013 0.004 0.05 [100] 1000 0.006 0.998 1 1
215 3 20 [100] 160.0 20.0 0.2 0.956 0.955 0.004 0.05 [100] 1000 0.006 0.998 1 1
216 3 20 [100] 160.0 20.0 0.4 0.956 0.703 0.003 0.05 [100] 1000 0.006 0.998 1 1
217 3 30 [50] 160.0 5.0 0.05 0.921 0.581 0.003 0.05 [50] 1000 0.006 0.998 1 1
218 3 30 [50] 160.0 5.0 0.2 0.932 0.451 0.002 0.05 [50] 1000 0.006 0.998 1 1
219 3 30 [50] 160.0 5.0 0.4 0.956 0.382 0.002 0.05 [50] 1000 0.006 0.998 1 1
220 3 30 [50] 160.0 15.0 0.05 0.952 0.808 0.003 0.05 [50] 1000 0.006 0.998 1 1
221 3 30 [50] 160.0 15.0 0.2 0.953 0.761 0.003 0.05 [50] 1000 0.006 0.998 1 1
222 3 30 [50] 160.0 15.0 0.4 0.95 0.671 0.002 0.05 [50] 1000 0.006 0.998 1 1
223 3 30 [50] 160.0 20.0 0.05 0.948 0.913 0.004 0.05 [50] 1000 0.006 0.998 1 1
224 3 30 [50] 160.0 20.0 0.2 0.956 0.965 0.004 0.05 [50] 1000 0.006 0.998 1 1
225 3 30 [50] 160.0 20.0 0.4 0.951 0.803 0.003 0.05 [50] 1000 0.006 0.998 1 1
226 3 30 [75] 160.0 5.0 0.05 0.927 0.575 0.003 0.05 [75] 1000 0.006 0.998 1 1
227 3 30 [75] 160.0 5.0 0.2 0.926 0.446 0.002 0.05 [75] 1000 0.006 0.998 1 1
228 3 30 [75] 160.0 5.0 0.4 0.945 0.314 0.001 0.05 [75] 1000 0.006 0.998 1 1
229 3 30 [75] 160.0 15.0 0.05 0.94 0.876 0.004 0.05 [75] 1000 0.006 0.998 1 1
230 3 30 [75] 160.0 15.0 0.2 0.946 0.746 0.003 0.05 [75] 1000 0.006 0.998 1 1
231 3 30 [75] 160.0 15.0 0.4 0.942 0.669 0.003 0.05 [75] 1000 0.006 0.998 1 1
232 3 30 [75] 160.0 20.0 0.05 0.953 1.046 0.004 0.05 [75] 1000 0.006 0.998 1 1
233 3 30 [75] 160.0 20.0 0.2 0.951 0.86 0.003 0.05 [75] 1000 0.006 0.998 1 1
234 3 30 [75] 160.0 20.0 0.4 0.946 0.82 0.003 0.05 [75] 1000 0.006 0.998 1 1
235 3 30 [100] 160.0 5.0 0.05 0.925 0.618 0.003 0.05 [100] 1000 0.006 0.998 1 1
236 3 30 [100] 160.0 5.0 0.2 0.922 0.572 0.003 0.05 [100] 1000 0.006 0.998 1 1
237 3 30 [100] 160.0 5.0 0.4 0.943 0.28 0.001 0.05 [100] 1000 0.006 0.998 1 1
238 3 30 [100] 160.0 15.0 0.05 0.944 0.929 0.004 0.05 [100] 1000 0.006 0.998 1 1
239 3 30 [100] 160.0 15.0 0.2 0.936 0.869 0.004 0.05 [100] 1000 0.006 0.998 1 1
240 3 30 [100] 160.0 15.0 0.4 0.95 0.697 0.003 0.05 [100] 1000 0.006 0.998 1 1
241 3 30 [100] 160.0 20.0 0.05 0.959 0.895 0.004 0.05 [100] 1000 0.006 0.998 1 1
242 3 30 [100] 160.0 20.0 0.2 0.946 0.926 0.003 0.05 [100] 1000 0.006 0.998 1 1
243 3 30 [100] 160.0 20.0 0.4 0.961 0.746 0.003 0.05 [100] 1000 0.006 0.998 1 1
