EXP split_seed random_seed neurons soft lambda_in sigma_in PICP_test MPIW_test RMSE alpha h_size epochs lr decay_rate ensemb n_runs
1 1 10 [50] 160.0 5.0 0.05 0.923 0.754 4.124 0.05 [50] 500 0.014075429453466027 0.9870991870298319 1 1
2 1 10 [50] 160.0 5.0 0.2 0.93 0.755 4.108 0.05 [50] 500 0.014075429453466027 0.9870991870298319 1 1
3 1 10 [50] 160.0 5.0 0.4 0.914 0.744 4.103 0.05 [50] 500 0.014075429453466027 0.9870991870298319 1 1
4 1 10 [50] 160.0 15.0 0.05 0.941 0.831 4.203 0.05 [50] 500 0.014075429453466027 0.9870991870298319 1 1
5 1 10 [50] 160.0 15.0 0.2 0.949 0.819 4.143 0.05 [50] 500 0.014075429453466027 0.9870991870298319 1 1
6 1 10 [50] 160.0 15.0 0.4 0.941 0.823 4.145 0.05 [50] 500 0.014075429453466027 0.9870991870298319 1 1
7 1 10 [50] 160.0 20.0 0.05 0.947 0.835 4.187 0.05 [50] 500 0.014075429453466027 0.9870991870298319 1 1
8 1 10 [50] 160.0 20.0 0.2 0.948 0.84 4.144 0.05 [50] 500 0.014075429453466027 0.9870991870298319 1 1
9 1 10 [50] 160.0 20.0 0.4 0.939 0.836 4.15 0.05 [50] 500 0.014075429453466027 0.9870991870298319 1 1
10 1 10 [75] 160.0 5.0 0.05 0.922 0.755 4.154 0.05 [75] 500 0.014075429453466027 0.9870991870298319 1 1
11 1 10 [75] 160.0 5.0 0.2 0.924 0.742 4.124 0.05 [75] 500 0.014075429453466027 0.9870991870298319 1 1
12 1 10 [75] 160.0 5.0 0.4 0.912 0.724 4.075 0.05 [75] 500 0.014075429453466027 0.9870991870298319 1 1
13 1 10 [75] 160.0 15.0 0.05 0.944 0.82 4.14 0.05 [75] 500 0.014075429453466027 0.9870991870298319 1 1
14 1 10 [75] 160.0 15.0 0.2 0.933 0.815 4.158 0.05 [75] 500 0.014075429453466027 0.9870991870298319 1 1
15 1 10 [75] 160.0 15.0 0.4 0.94 0.8 4.081 0.05 [75] 500 0.014075429453466027 0.9870991870298319 1 1
16 1 10 [75] 160.0 20.0 0.05 0.946 0.836 4.182 0.05 [75] 500 0.014075429453466027 0.9870991870298319 1 1
17 1 10 [75] 160.0 20.0 0.2 0.943 0.828 4.146 0.05 [75] 500 0.014075429453466027 0.9870991870298319 1 1
18 1 10 [75] 160.0 20.0 0.4 0.943 0.816 4.106 0.05 [75] 500 0.014075429453466027 0.9870991870298319 1 1
19 1 10 [100] 160.0 5.0 0.05 0.926 0.751 4.123 0.05 [100] 500 0.014075429453466027 0.9870991870298319 1 1
20 1 10 [100] 160.0 5.0 0.2 0.923 0.744 4.101 0.05 [100] 500 0.014075429453466027 0.9870991870298319 1 1
21 1 10 [100] 160.0 5.0 0.4 0.917 0.715 4.047 0.05 [100] 500 0.014075429453466027 0.9870991870298319 1 1
22 1 10 [100] 160.0 15.0 0.05 0.95 0.82 4.126 0.05 [100] 500 0.014075429453466027 0.9870991870298319 1 1
23 1 10 [100] 160.0 15.0 0.2 0.94 0.811 4.139 0.05 [100] 500 0.014075429453466027 0.9870991870298319 1 1
24 1 10 [100] 160.0 15.0 0.4 0.937 0.785 4.073 0.05 [100] 500 0.014075429453466027 0.9870991870298319 1 1
25 1 10 [100] 160.0 20.0 0.05 0.951 0.838 4.146 0.05 [100] 500 0.014075429453466027 0.9870991870298319 1 1
26 1 10 [100] 160.0 20.0 0.2 0.948 0.83 4.173 0.05 [100] 500 0.014075429453466027 0.9870991870298319 1 1
27 1 10 [100] 160.0 20.0 0.4 0.945 0.804 4.073 0.05 [100] 500 0.014075429453466027 0.9870991870298319 1 1
28 1 20 [50] 160.0 5.0 0.05 0.925 0.756 4.122 0.05 [50] 500 0.014075429453466027 0.9870991870298319 1 1
29 1 20 [50] 160.0 5.0 0.2 0.927 0.759 4.117 0.05 [50] 500 0.014075429453466027 0.9870991870298319 1 1
30 1 20 [50] 160.0 5.0 0.4 0.916 0.742 4.108 0.05 [50] 500 0.014075429453466027 0.9870991870298319 1 1
31 1 20 [50] 160.0 15.0 0.05 0.941 0.82 4.174 0.05 [50] 500 0.014075429453466027 0.9870991870298319 1 1
32 1 20 [50] 160.0 15.0 0.2 0.946 0.831 4.162 0.05 [50] 500 0.014075429453466027 0.9870991870298319 1 1
33 1 20 [50] 160.0 15.0 0.4 0.941 0.81 4.124 0.05 [50] 500 0.014075429453466027 0.9870991870298319 1 1
34 1 20 [50] 160.0 20.0 0.05 0.951 0.851 4.212 0.05 [50] 500 0.014075429453466027 0.9870991870298319 1 1
35 1 20 [50] 160.0 20.0 0.2 0.95 0.845 4.171 0.05 [50] 500 0.014075429453466027 0.9870991870298319 1 1
36 1 20 [50] 160.0 20.0 0.4 0.944 0.829 4.104 0.05 [50] 500 0.014075429453466027 0.9870991870298319 1 1
37 1 20 [75] 160.0 5.0 0.05 0.922 0.757 4.146 0.05 [75] 500 0.014075429453466027 0.9870991870298319 1 1
38 1 20 [75] 160.0 5.0 0.2 0.922 0.747 4.144 0.05 [75] 500 0.014075429453466027 0.9870991870298319 1 1
39 1 20 [75] 160.0 5.0 0.4 0.923 0.73 4.072 0.05 [75] 500 0.014075429453466027 0.9870991870298319 1 1
40 1 20 [75] 160.0 15.0 0.05 0.951 0.829 4.151 0.05 [75] 500 0.014075429453466027 0.9870991870298319 1 1
41 1 20 [75] 160.0 15.0 0.2 0.947 0.823 4.16 0.05 [75] 500 0.014075429453466027 0.9870991870298319 1 1
42 1 20 [75] 160.0 15.0 0.4 0.941 0.794 4.089 0.05 [75] 500 0.014075429453466027 0.9870991870298319 1 1
43 1 20 [75] 160.0 20.0 0.05 0.945 0.838 4.158 0.05 [75] 500 0.014075429453466027 0.9870991870298319 1 1
44 1 20 [75] 160.0 20.0 0.2 0.947 0.833 4.166 0.05 [75] 500 0.014075429453466027 0.9870991870298319 1 1
45 1 20 [75] 160.0 20.0 0.4 0.946 0.815 4.131 0.05 [75] 500 0.014075429453466027 0.9870991870298319 1 1
46 1 20 [100] 160.0 5.0 0.05 0.918 0.752 4.11 0.05 [100] 500 0.014075429453466027 0.9870991870298319 1 1
47 1 20 [100] 160.0 5.0 0.2 0.924 0.75 4.073 0.05 [100] 500 0.014075429453466027 0.9870991870298319 1 1
48 1 20 [100] 160.0 5.0 0.4 0.916 0.718 4.062 0.05 [100] 500 0.014075429453466027 0.9870991870298319 1 1
49 1 20 [100] 160.0 15.0 0.05 0.945 0.821 4.127 0.05 [100] 500 0.014075429453466027 0.9870991870298319 1 1
50 1 20 [100] 160.0 15.0 0.2 0.939 0.803 4.118 0.05 [100] 500 0.014075429453466027 0.9870991870298319 1 1
51 1 20 [100] 160.0 15.0 0.4 0.941 0.791 4.108 0.05 [100] 500 0.014075429453466027 0.9870991870298319 1 1
52 1 20 [100] 160.0 20.0 0.05 0.952 0.843 4.172 0.05 [100] 500 0.014075429453466027 0.9870991870298319 1 1
53 1 20 [100] 160.0 20.0 0.2 0.941 0.828 4.18 0.05 [100] 500 0.014075429453466027 0.9870991870298319 1 1
54 1 20 [100] 160.0 20.0 0.4 0.934 0.81 4.113 0.05 [100] 500 0.014075429453466027 0.9870991870298319 1 1
55 1 30 [50] 160.0 5.0 0.05 0.926 0.759 4.148 0.05 [50] 500 0.014075429453466027 0.9870991870298319 1 1
56 1 30 [50] 160.0 5.0 0.2 0.929 0.754 4.147 0.05 [50] 500 0.014075429453466027 0.9870991870298319 1 1
57 1 30 [50] 160.0 5.0 0.4 0.921 0.743 4.103 0.05 [50] 500 0.014075429453466027 0.9870991870298319 1 1
58 1 30 [50] 160.0 15.0 0.05 0.948 0.833 4.163 0.05 [50] 500 0.014075429453466027 0.9870991870298319 1 1
59 1 30 [50] 160.0 15.0 0.2 0.933 0.818 4.181 0.05 [50] 500 0.014075429453466027 0.9870991870298319 1 1
60 1 30 [50] 160.0 15.0 0.4 0.936 0.811 4.139 0.05 [50] 500 0.014075429453466027 0.9870991870298319 1 1
61 1 30 [50] 160.0 20.0 0.05 0.947 0.841 4.175 0.05 [50] 500 0.014075429453466027 0.9870991870298319 1 1
62 1 30 [50] 160.0 20.0 0.2 0.946 0.839 4.17 0.05 [50] 500 0.014075429453466027 0.9870991870298319 1 1
63 1 30 [50] 160.0 20.0 0.4 0.944 0.825 4.148 0.05 [50] 500 0.014075429453466027 0.9870991870298319 1 1
64 1 30 [75] 160.0 5.0 0.05 0.926 0.751 4.121 0.05 [75] 500 0.014075429453466027 0.9870991870298319 1 1
65 1 30 [75] 160.0 5.0 0.2 0.921 0.745 4.1 0.05 [75] 500 0.014075429453466027 0.9870991870298319 1 1
66 1 30 [75] 160.0 5.0 0.4 0.92 0.724 4.05 0.05 [75] 500 0.014075429453466027 0.9870991870298319 1 1
67 1 30 [75] 160.0 15.0 0.05 0.94 0.824 4.145 0.05 [75] 500 0.014075429453466027 0.9870991870298319 1 1
68 1 30 [75] 160.0 15.0 0.2 0.937 0.809 4.152 0.05 [75] 500 0.014075429453466027 0.9870991870298319 1 1
69 1 30 [75] 160.0 15.0 0.4 0.937 0.796 4.094 0.05 [75] 500 0.014075429453466027 0.9870991870298319 1 1
70 1 30 [75] 160.0 20.0 0.05 0.943 0.842 4.173 0.05 [75] 500 0.014075429453466027 0.9870991870298319 1 1
71 1 30 [75] 160.0 20.0 0.2 0.94 0.83 4.139 0.05 [75] 500 0.014075429453466027 0.9870991870298319 1 1
72 1 30 [75] 160.0 20.0 0.4 0.938 0.81 4.089 0.05 [75] 500 0.014075429453466027 0.9870991870298319 1 1
73 1 30 [100] 160.0 5.0 0.05 0.931 0.756 4.129 0.05 [100] 500 0.014075429453466027 0.9870991870298319 1 1
74 1 30 [100] 160.0 5.0 0.2 0.925 0.74 4.07 0.05 [100] 500 0.014075429453466027 0.9870991870298319 1 1
75 1 30 [100] 160.0 5.0 0.4 0.914 0.719 4.047 0.05 [100] 500 0.014075429453466027 0.9870991870298319 1 1
76 1 30 [100] 160.0 15.0 0.05 0.947 0.822 4.156 0.05 [100] 500 0.014075429453466027 0.9870991870298319 1 1
77 1 30 [100] 160.0 15.0 0.2 0.94 0.81 4.115 0.05 [100] 500 0.014075429453466027 0.9870991870298319 1 1
78 1 30 [100] 160.0 15.0 0.4 0.939 0.792 4.104 0.05 [100] 500 0.014075429453466027 0.9870991870298319 1 1
79 1 30 [100] 160.0 20.0 0.05 0.949 0.84 4.168 0.05 [100] 500 0.014075429453466027 0.9870991870298319 1 1
80 1 30 [100] 160.0 20.0 0.2 0.944 0.827 4.147 0.05 [100] 500 0.014075429453466027 0.9870991870298319 1 1
81 1 30 [100] 160.0 20.0 0.4 0.94 0.817 4.086 0.05 [100] 500 0.014075429453466027 0.9870991870298319 1 1
82 2 10 [50] 160.0 5.0 0.05 0.924 0.756 3.995 0.05 [50] 500 0.014075429453466027 0.9870991870298319 1 1
83 2 10 [50] 160.0 5.0 0.2 0.911 0.741 3.972 0.05 [50] 500 0.014075429453466027 0.9870991870298319 1 1
84 2 10 [50] 160.0 5.0 0.4 0.912 0.729 3.955 0.05 [50] 500 0.014075429453466027 0.9870991870298319 1 1
85 2 10 [50] 160.0 15.0 0.05 0.941 0.826 4.052 0.05 [50] 500 0.014075429453466027 0.9870991870298319 1 1
86 2 10 [50] 160.0 15.0 0.2 0.941 0.812 4.052 0.05 [50] 500 0.014075429453466027 0.9870991870298319 1 1
87 2 10 [50] 160.0 15.0 0.4 0.931 0.807 4.035 0.05 [50] 500 0.014075429453466027 0.9870991870298319 1 1
88 2 10 [50] 160.0 20.0 0.05 0.95 0.834 4.04 0.05 [50] 500 0.014075429453466027 0.9870991870298319 1 1
89 2 10 [50] 160.0 20.0 0.2 0.945 0.832 4.054 0.05 [50] 500 0.014075429453466027 0.9870991870298319 1 1
90 2 10 [50] 160.0 20.0 0.4 0.935 0.824 4.085 0.05 [50] 500 0.014075429453466027 0.9870991870298319 1 1
91 2 10 [75] 160.0 5.0 0.05 0.921 0.742 3.984 0.05 [75] 500 0.014075429453466027 0.9870991870298319 1 1
92 2 10 [75] 160.0 5.0 0.2 0.913 0.735 3.967 0.05 [75] 500 0.014075429453466027 0.9870991870298319 1 1
93 2 10 [75] 160.0 5.0 0.4 0.905 0.708 3.935 0.05 [75] 500 0.014075429453466027 0.9870991870298319 1 1
94 2 10 [75] 160.0 15.0 0.05 0.939 0.808 4.029 0.05 [75] 500 0.014075429453466027 0.9870991870298319 1 1
95 2 10 [75] 160.0 15.0 0.2 0.943 0.802 3.994 0.05 [75] 500 0.014075429453466027 0.9870991870298319 1 1
96 2 10 [75] 160.0 15.0 0.4 0.935 0.785 3.978 0.05 [75] 500 0.014075429453466027 0.9870991870298319 1 1
97 2 10 [75] 160.0 20.0 0.05 0.951 0.828 4.029 0.05 [75] 500 0.014075429453466027 0.9870991870298319 1 1
98 2 10 [75] 160.0 20.0 0.2 0.939 0.818 3.998 0.05 [75] 500 0.014075429453466027 0.9870991870298319 1 1
99 2 10 [75] 160.0 20.0 0.4 0.943 0.805 3.985 0.05 [75] 500 0.014075429453466027 0.9870991870298319 1 1
100 2 10 [100] 160.0 5.0 0.05 0.92 0.743 3.993 0.05 [100] 500 0.014075429453466027 0.9870991870298319 1 1
101 2 10 [100] 160.0 5.0 0.2 0.912 0.725 3.97 0.05 [100] 500 0.014075429453466027 0.9870991870298319 1 1
102 2 10 [100] 160.0 5.0 0.4 0.901 0.706 3.951 0.05 [100] 500 0.014075429453466027 0.9870991870298319 1 1
103 2 10 [100] 160.0 15.0 0.05 0.941 0.813 3.978 0.05 [100] 500 0.014075429453466027 0.9870991870298319 1 1
104 2 10 [100] 160.0 15.0 0.2 0.933 0.793 3.979 0.05 [100] 500 0.014075429453466027 0.9870991870298319 1 1
105 2 10 [100] 160.0 15.0 0.4 0.935 0.778 3.962 0.05 [100] 500 0.014075429453466027 0.9870991870298319 1 1
106 2 10 [100] 160.0 20.0 0.05 0.94 0.824 4.037 0.05 [100] 500 0.014075429453466027 0.9870991870298319 1 1
107 2 10 [100] 160.0 20.0 0.2 0.939 0.812 3.974 0.05 [100] 500 0.014075429453466027 0.9870991870298319 1 1
108 2 10 [100] 160.0 20.0 0.4 0.933 0.789 3.969 0.05 [100] 500 0.014075429453466027 0.9870991870298319 1 1
109 2 20 [50] 160.0 5.0 0.05 0.917 0.75 4.011 0.05 [50] 500 0.014075429453466027 0.9870991870298319 1 1
110 2 20 [50] 160.0 5.0 0.2 0.916 0.753 3.988 0.05 [50] 500 0.014075429453466027 0.9870991870298319 1 1
111 2 20 [50] 160.0 5.0 0.4 0.924 0.731 3.943 0.05 [50] 500 0.014075429453466027 0.9870991870298319 1 1
112 2 20 [50] 160.0 15.0 0.05 0.944 0.815 4.033 0.05 [50] 500 0.014075429453466027 0.9870991870298319 1 1
113 2 20 [50] 160.0 15.0 0.2 0.948 0.821 4.036 0.05 [50] 500 0.014075429453466027 0.9870991870298319 1 1
114 2 20 [50] 160.0 15.0 0.4 0.939 0.817 3.955 0.05 [50] 500 0.014075429453466027 0.9870991870298319 1 1
115 2 20 [50] 160.0 20.0 0.05 0.949 0.835 4.031 0.05 [50] 500 0.014075429453466027 0.9870991870298319 1 1
116 2 20 [50] 160.0 20.0 0.2 0.945 0.825 3.992 0.05 [50] 500 0.014075429453466027 0.9870991870298319 1 1
117 2 20 [50] 160.0 20.0 0.4 0.945 0.817 3.983 0.05 [50] 500 0.014075429453466027 0.9870991870298319 1 1
118 2 20 [75] 160.0 5.0 0.05 0.92 0.743 3.966 0.05 [75] 500 0.014075429453466027 0.9870991870298319 1 1
119 2 20 [75] 160.0 5.0 0.2 0.914 0.735 3.983 0.05 [75] 500 0.014075429453466027 0.9870991870298319 1 1
120 2 20 [75] 160.0 5.0 0.4 0.905 0.722 3.966 0.05 [75] 500 0.014075429453466027 0.9870991870298319 1 1
121 2 20 [75] 160.0 15.0 0.05 0.947 0.813 3.999 0.05 [75] 500 0.014075429453466027 0.9870991870298319 1 1
122 2 20 [75] 160.0 15.0 0.2 0.938 0.807 4.003 0.05 [75] 500 0.014075429453466027 0.9870991870298319 1 1
123 2 20 [75] 160.0 15.0 0.4 0.935 0.79 3.979 0.05 [75] 500 0.014075429453466027 0.9870991870298319 1 1
124 2 20 [75] 160.0 20.0 0.05 0.946 0.833 4.022 0.05 [75] 500 0.014075429453466027 0.9870991870298319 1 1
125 2 20 [75] 160.0 20.0 0.2 0.948 0.827 4.014 0.05 [75] 500 0.014075429453466027 0.9870991870298319 1 1
126 2 20 [75] 160.0 20.0 0.4 0.944 0.807 3.99 0.05 [75] 500 0.014075429453466027 0.9870991870298319 1 1
127 2 20 [100] 160.0 5.0 0.05 0.914 0.745 4.001 0.05 [100] 500 0.014075429453466027 0.9870991870298319 1 1
128 2 20 [100] 160.0 5.0 0.2 0.911 0.723 3.95 0.05 [100] 500 0.014075429453466027 0.9870991870298319 1 1
129 2 20 [100] 160.0 5.0 0.4 0.906 0.713 3.953 0.05 [100] 500 0.014075429453466027 0.9870991870298319 1 1
130 2 20 [100] 160.0 15.0 0.05 0.941 0.818 4.037 0.05 [100] 500 0.014075429453466027 0.9870991870298319 1 1
131 2 20 [100] 160.0 15.0 0.2 0.938 0.803 4.01 0.05 [100] 500 0.014075429453466027 0.9870991870298319 1 1
132 2 20 [100] 160.0 15.0 0.4 0.93 0.776 3.977 0.05 [100] 500 0.014075429453466027 0.9870991870298319 1 1
133 2 20 [100] 160.0 20.0 0.05 0.948 0.83 3.994 0.05 [100] 500 0.014075429453466027 0.9870991870298319 1 1
134 2 20 [100] 160.0 20.0 0.2 0.946 0.824 4.036 0.05 [100] 500 0.014075429453466027 0.9870991870298319 1 1
135 2 20 [100] 160.0 20.0 0.4 0.934 0.79 4.011 0.05 [100] 500 0.014075429453466027 0.9870991870298319 1 1
136 2 30 [50] 160.0 5.0 0.05 0.92 0.751 4.005 0.05 [50] 500 0.014075429453466027 0.9870991870298319 1 1
137 2 30 [50] 160.0 5.0 0.2 0.916 0.746 3.995 0.05 [50] 500 0.014075429453466027 0.9870991870298319 1 1
138 2 30 [50] 160.0 5.0 0.4 0.913 0.735 4.063 0.05 [50] 500 0.014075429453466027 0.9870991870298319 1 1
139 2 30 [50] 160.0 15.0 0.05 0.95 0.82 4.018 0.05 [50] 500 0.014075429453466027 0.9870991870298319 1 1
140 2 30 [50] 160.0 15.0 0.2 0.947 0.808 3.984 0.05 [50] 500 0.014075429453466027 0.9870991870298319 1 1
141 2 30 [50] 160.0 15.0 0.4 0.94 0.813 4.047 0.05 [50] 500 0.014075429453466027 0.9870991870298319 1 1
142 2 30 [50] 160.0 20.0 0.05 0.947 0.844 4.064 0.05 [50] 500 0.014075429453466027 0.9870991870298319 1 1
143 2 30 [50] 160.0 20.0 0.2 0.952 0.825 4.006 0.05 [50] 500 0.014075429453466027 0.9870991870298319 1 1
144 2 30 [50] 160.0 20.0 0.4 0.944 0.811 3.998 0.05 [50] 500 0.014075429453466027 0.9870991870298319 1 1
145 2 30 [75] 160.0 5.0 0.05 0.912 0.751 4.002 0.05 [75] 500 0.014075429453466027 0.9870991870298319 1 1
146 2 30 [75] 160.0 5.0 0.2 0.907 0.737 4.021 0.05 [75] 500 0.014075429453466027 0.9870991870298319 1 1
147 2 30 [75] 160.0 5.0 0.4 0.907 0.709 3.969 0.05 [75] 500 0.014075429453466027 0.9870991870298319 1 1
148 2 30 [75] 160.0 15.0 0.05 0.948 0.815 4.013 0.05 [75] 500 0.014075429453466027 0.9870991870298319 1 1
149 2 30 [75] 160.0 15.0 0.2 0.939 0.8 4.006 0.05 [75] 500 0.014075429453466027 0.9870991870298319 1 1
150 2 30 [75] 160.0 15.0 0.4 0.936 0.784 3.955 0.05 [75] 500 0.014075429453466027 0.9870991870298319 1 1
151 2 30 [75] 160.0 20.0 0.05 0.949 0.836 4.016 0.05 [75] 500 0.014075429453466027 0.9870991870298319 1 1
152 2 30 [75] 160.0 20.0 0.2 0.946 0.826 4.003 0.05 [75] 500 0.014075429453466027 0.9870991870298319 1 1
153 2 30 [75] 160.0 20.0 0.4 0.938 0.814 4.005 0.05 [75] 500 0.014075429453466027 0.9870991870298319 1 1
154 2 30 [100] 160.0 5.0 0.05 0.911 0.742 3.988 0.05 [100] 500 0.014075429453466027 0.9870991870298319 1 1
155 2 30 [100] 160.0 5.0 0.2 0.913 0.726 3.981 0.05 [100] 500 0.014075429453466027 0.9870991870298319 1 1
156 2 30 [100] 160.0 5.0 0.4 0.909 0.715 3.94 0.05 [100] 500 0.014075429453466027 0.9870991870298319 1 1
157 2 30 [100] 160.0 15.0 0.05 0.936 0.797 3.999 0.05 [100] 500 0.014075429453466027 0.9870991870298319 1 1
158 2 30 [100] 160.0 15.0 0.2 0.939 0.804 3.974 0.05 [100] 500 0.014075429453466027 0.9870991870298319 1 1
159 2 30 [100] 160.0 15.0 0.4 0.937 0.787 3.962 0.05 [100] 500 0.014075429453466027 0.9870991870298319 1 1
160 2 30 [100] 160.0 20.0 0.05 0.95 0.833 4.019 0.05 [100] 500 0.014075429453466027 0.9870991870298319 1 1
161 2 30 [100] 160.0 20.0 0.2 0.943 0.823 4.035 0.05 [100] 500 0.014075429453466027 0.9870991870298319 1 1
162 2 30 [100] 160.0 20.0 0.4 0.939 0.803 3.981 0.05 [100] 500 0.014075429453466027 0.9870991870298319 1 1
163 3 10 [50] 160.0 5.0 0.05 0.934 0.751 3.964 0.05 [50] 500 0.014075429453466027 0.9870991870298319 1 1
164 3 10 [50] 160.0 5.0 0.2 0.926 0.751 3.932 0.05 [50] 500 0.014075429453466027 0.9870991870298319 1 1
165 3 10 [50] 160.0 5.0 0.4 0.918 0.73 3.929 0.05 [50] 500 0.014075429453466027 0.9870991870298319 1 1
166 3 10 [50] 160.0 15.0 0.05 0.948 0.816 4.013 0.05 [50] 500 0.014075429453466027 0.9870991870298319 1 1
167 3 10 [50] 160.0 15.0 0.2 0.951 0.819 4.011 0.05 [50] 500 0.014075429453466027 0.9870991870298319 1 1
168 3 10 [50] 160.0 15.0 0.4 0.951 0.804 4.039 0.05 [50] 500 0.014075429453466027 0.9870991870298319 1 1
169 3 10 [50] 160.0 20.0 0.05 0.954 0.837 4.02 0.05 [50] 500 0.014075429453466027 0.9870991870298319 1 1
170 3 10 [50] 160.0 20.0 0.2 0.953 0.826 3.998 0.05 [50] 500 0.014075429453466027 0.9870991870298319 1 1
171 3 10 [50] 160.0 20.0 0.4 0.954 0.83 4.045 0.05 [50] 500 0.014075429453466027 0.9870991870298319 1 1
172 3 10 [75] 160.0 5.0 0.05 0.929 0.74 3.963 0.05 [75] 500 0.014075429453466027 0.9870991870298319 1 1
173 3 10 [75] 160.0 5.0 0.2 0.924 0.739 3.927 0.05 [75] 500 0.014075429453466027 0.9870991870298319 1 1
174 3 10 [75] 160.0 5.0 0.4 0.927 0.716 3.898 0.05 [75] 500 0.014075429453466027 0.9870991870298319 1 1
175 3 10 [75] 160.0 15.0 0.05 0.954 0.818 4.013 0.05 [75] 500 0.014075429453466027 0.9870991870298319 1 1
176 3 10 [75] 160.0 15.0 0.2 0.953 0.805 3.984 0.05 [75] 500 0.014075429453466027 0.9870991870298319 1 1
177 3 10 [75] 160.0 15.0 0.4 0.943 0.78 3.983 0.05 [75] 500 0.014075429453466027 0.9870991870298319 1 1
178 3 10 [75] 160.0 20.0 0.05 0.954 0.827 4.013 0.05 [75] 500 0.014075429453466027 0.9870991870298319 1 1
179 3 10 [75] 160.0 20.0 0.2 0.955 0.822 3.999 0.05 [75] 500 0.014075429453466027 0.9870991870298319 1 1
180 3 10 [75] 160.0 20.0 0.4 0.947 0.798 3.974 0.05 [75] 500 0.014075429453466027 0.9870991870298319 1 1
181 3 10 [100] 160.0 5.0 0.05 0.924 0.741 3.932 0.05 [100] 500 0.014075429453466027 0.9870991870298319 1 1
182 3 10 [100] 160.0 5.0 0.2 0.927 0.729 3.928 0.05 [100] 500 0.014075429453466027 0.9870991870298319 1 1
183 3 10 [100] 160.0 5.0 0.4 0.924 0.717 3.907 0.05 [100] 500 0.014075429453466027 0.9870991870298319 1 1
184 3 10 [100] 160.0 15.0 0.05 0.943 0.803 4.004 0.05 [100] 500 0.014075429453466027 0.9870991870298319 1 1
185 3 10 [100] 160.0 15.0 0.2 0.948 0.797 4.003 0.05 [100] 500 0.014075429453466027 0.9870991870298319 1 1
186 3 10 [100] 160.0 15.0 0.4 0.948 0.784 3.932 0.05 [100] 500 0.014075429453466027 0.9870991870298319 1 1
187 3 10 [100] 160.0 20.0 0.05 0.959 0.824 4.017 0.05 [100] 500 0.014075429453466027 0.9870991870298319 1 1
188 3 10 [100] 160.0 20.0 0.2 0.956 0.813 3.999 0.05 [100] 500 0.014075429453466027 0.9870991870298319 1 1
189 3 10 [100] 160.0 20.0 0.4 0.952 0.796 3.983 0.05 [100] 500 0.014075429453466027 0.9870991870298319 1 1
190 3 20 [50] 160.0 5.0 0.05 0.932 0.744 3.97 0.05 [50] 500 0.014075429453466027 0.9870991870298319 1 1
191 3 20 [50] 160.0 5.0 0.2 0.925 0.741 3.954 0.05 [50] 500 0.014075429453466027 0.9870991870298319 1 1
192 3 20 [50] 160.0 5.0 0.4 0.93 0.733 3.914 0.05 [50] 500 0.014075429453466027 0.9870991870298319 1 1
193 3 20 [50] 160.0 15.0 0.05 0.957 0.816 4.016 0.05 [50] 500 0.014075429453466027 0.9870991870298319 1 1
194 3 20 [50] 160.0 15.0 0.2 0.952 0.816 4.022 0.05 [50] 500 0.014075429453466027 0.9870991870298319 1 1
195 3 20 [50] 160.0 15.0 0.4 0.944 0.806 3.975 0.05 [50] 500 0.014075429453466027 0.9870991870298319 1 1
196 3 20 [50] 160.0 20.0 0.05 0.961 0.841 4.053 0.05 [50] 500 0.014075429453466027 0.9870991870298319 1 1
197 3 20 [50] 160.0 20.0 0.2 0.956 0.831 4.002 0.05 [50] 500 0.014075429453466027 0.9870991870298319 1 1
198 3 20 [50] 160.0 20.0 0.4 0.956 0.832 4.029 0.05 [50] 500 0.014075429453466027 0.9870991870298319 1 1
199 3 20 [75] 160.0 5.0 0.05 0.93 0.743 3.956 0.05 [75] 500 0.014075429453466027 0.9870991870298319 1 1
200 3 20 [75] 160.0 5.0 0.2 0.927 0.732 3.933 0.05 [75] 500 0.014075429453466027 0.9870991870298319 1 1
201 3 20 [75] 160.0 5.0 0.4 0.916 0.72 3.913 0.05 [75] 500 0.014075429453466027 0.9870991870298319 1 1
202 3 20 [75] 160.0 15.0 0.05 0.954 0.815 4.014 0.05 [75] 500 0.014075429453466027 0.9870991870298319 1 1
203 3 20 [75] 160.0 15.0 0.2 0.949 0.807 4.005 0.05 [75] 500 0.014075429453466027 0.9870991870298319 1 1
204 3 20 [75] 160.0 15.0 0.4 0.946 0.797 3.997 0.05 [75] 500 0.014075429453466027 0.9870991870298319 1 1
205 3 20 [75] 160.0 20.0 0.05 0.959 0.831 4.014 0.05 [75] 500 0.014075429453466027 0.9870991870298319 1 1
206 3 20 [75] 160.0 20.0 0.2 0.954 0.823 4.001 0.05 [75] 500 0.014075429453466027 0.9870991870298319 1 1
207 3 20 [75] 160.0 20.0 0.4 0.946 0.812 4.025 0.05 [75] 500 0.014075429453466027 0.9870991870298319 1 1
208 3 20 [100] 160.0 5.0 0.05 0.934 0.745 3.946 0.05 [100] 500 0.014075429453466027 0.9870991870298319 1 1
209 3 20 [100] 160.0 5.0 0.2 0.93 0.724 3.931 0.05 [100] 500 0.014075429453466027 0.9870991870298319 1 1
210 3 20 [100] 160.0 5.0 0.4 0.914 0.714 3.943 0.05 [100] 500 0.014075429453466027 0.9870991870298319 1 1
211 3 20 [100] 160.0 15.0 0.05 0.951 0.811 4.003 0.05 [100] 500 0.014075429453466027 0.9870991870298319 1 1
212 3 20 [100] 160.0 15.0 0.2 0.949 0.799 3.994 0.05 [100] 500 0.014075429453466027 0.9870991870298319 1 1
213 3 20 [100] 160.0 15.0 0.4 0.947 0.792 3.963 0.05 [100] 500 0.014075429453466027 0.9870991870298319 1 1
214 3 20 [100] 160.0 20.0 0.05 0.957 0.835 4.038 0.05 [100] 500 0.014075429453466027 0.9870991870298319 1 1
215 3 20 [100] 160.0 20.0 0.2 0.951 0.815 4.012 0.05 [100] 500 0.014075429453466027 0.9870991870298319 1 1
216 3 20 [100] 160.0 20.0 0.4 0.957 0.804 3.981 0.05 [100] 500 0.014075429453466027 0.9870991870298319 1 1
217 3 30 [50] 160.0 5.0 0.05 0.934 0.755 3.94 0.05 [50] 500 0.014075429453466027 0.9870991870298319 1 1
218 3 30 [50] 160.0 5.0 0.2 0.93 0.74 3.946 0.05 [50] 500 0.014075429453466027 0.9870991870298319 1 1
219 3 30 [50] 160.0 5.0 0.4 0.921 0.732 3.947 0.05 [50] 500 0.014075429453466027 0.9870991870298319 1 1
220 3 30 [50] 160.0 15.0 0.05 0.954 0.816 4.011 0.05 [50] 500 0.014075429453466027 0.9870991870298319 1 1
221 3 30 [50] 160.0 15.0 0.2 0.953 0.818 3.99 0.05 [50] 500 0.014075429453466027 0.9870991870298319 1 1
222 3 30 [50] 160.0 15.0 0.4 0.948 0.802 3.993 0.05 [50] 500 0.014075429453466027 0.9870991870298319 1 1
223 3 30 [50] 160.0 20.0 0.05 0.962 0.842 4.034 0.05 [50] 500 0.014075429453466027 0.9870991870298319 1 1
224 3 30 [50] 160.0 20.0 0.2 0.952 0.826 4.009 0.05 [50] 500 0.014075429453466027 0.9870991870298319 1 1
225 3 30 [50] 160.0 20.0 0.4 0.953 0.824 4.03 0.05 [50] 500 0.014075429453466027 0.9870991870298319 1 1
226 3 30 [75] 160.0 5.0 0.05 0.937 0.745 3.951 0.05 [75] 500 0.014075429453466027 0.9870991870298319 1 1
227 3 30 [75] 160.0 5.0 0.2 0.922 0.738 3.94 0.05 [75] 500 0.014075429453466027 0.9870991870298319 1 1
228 3 30 [75] 160.0 5.0 0.4 0.924 0.717 3.908 0.05 [75] 500 0.014075429453466027 0.9870991870298319 1 1
229 3 30 [75] 160.0 15.0 0.05 0.948 0.809 3.987 0.05 [75] 500 0.014075429453466027 0.9870991870298319 1 1
230 3 30 [75] 160.0 15.0 0.2 0.954 0.796 3.98 0.05 [75] 500 0.014075429453466027 0.9870991870298319 1 1
231 3 30 [75] 160.0 15.0 0.4 0.948 0.783 3.942 0.05 [75] 500 0.014075429453466027 0.9870991870298319 1 1
232 3 30 [75] 160.0 20.0 0.05 0.958 0.836 4.016 0.05 [75] 500 0.014075429453466027 0.9870991870298319 1 1
233 3 30 [75] 160.0 20.0 0.2 0.955 0.824 4.015 0.05 [75] 500 0.014075429453466027 0.9870991870298319 1 1
234 3 30 [75] 160.0 20.0 0.4 0.955 0.805 3.96 0.05 [75] 500 0.014075429453466027 0.9870991870298319 1 1
235 3 30 [100] 160.0 5.0 0.05 0.925 0.742 3.955 0.05 [100] 500 0.014075429453466027 0.9870991870298319 1 1
236 3 30 [100] 160.0 5.0 0.2 0.933 0.734 3.933 0.05 [100] 500 0.014075429453466027 0.9870991870298319 1 1
237 3 30 [100] 160.0 5.0 0.4 0.916 0.71 3.915 0.05 [100] 500 0.014075429453466027 0.9870991870298319 1 1
238 3 30 [100] 160.0 15.0 0.05 0.945 0.82 4.01 0.05 [100] 500 0.014075429453466027 0.9870991870298319 1 1
239 3 30 [100] 160.0 15.0 0.2 0.949 0.811 3.994 0.05 [100] 500 0.014075429453466027 0.9870991870298319 1 1
240 3 30 [100] 160.0 15.0 0.4 0.945 0.781 3.945 0.05 [100] 500 0.014075429453466027 0.9870991870298319 1 1
241 3 30 [100] 160.0 20.0 0.05 0.957 0.821 3.99 0.05 [100] 500 0.014075429453466027 0.9870991870298319 1 1
242 3 30 [100] 160.0 20.0 0.2 0.953 0.826 4.014 0.05 [100] 500 0.014075429453466027 0.9870991870298319 1 1
243 3 30 [100] 160.0 20.0 0.4 0.952 0.792 3.959 0.05 [100] 500 0.014075429453466027 0.9870991870298319 1 1
