EXP split_seed random_seed neurons soft lambda_in sigma_in PICP_test MPIW_test RMSE alpha h_size epochs lr decay_rate ensemb n_runs
1 1 10 [50] 160.0 5.0 0.05 0.85 1.521 0.588 0.05 [50] 1000 0.01 0.98 1 1
2 1 10 [50] 160.0 5.0 0.2 0.85 1.48 0.607 0.05 [50] 1000 0.01 0.98 1 1
3 1 10 [50] 160.0 5.0 0.4 0.819 1.48 0.571 0.05 [50] 1000 0.01 0.98 1 1
4 1 10 [50] 160.0 15.0 0.05 0.912 1.768 0.57 0.05 [50] 1000 0.01 0.98 1 1
5 1 10 [50] 160.0 15.0 0.2 0.875 1.71 0.558 0.05 [50] 1000 0.01 0.98 1 1
6 1 10 [50] 160.0 15.0 0.4 0.844 1.698 0.548 0.05 [50] 1000 0.01 0.98 1 1
7 1 10 [50] 160.0 20.0 0.05 0.888 1.736 0.577 0.05 [50] 1000 0.01 0.98 1 1
8 1 10 [50] 160.0 20.0 0.2 0.875 1.701 0.553 0.05 [50] 1000 0.01 0.98 1 1
9 1 10 [50] 160.0 20.0 0.4 0.888 1.756 0.546 0.05 [50] 1000 0.01 0.98 1 1
10 1 10 [75] 160.0 5.0 0.05 0.831 1.421 0.586 0.05 [75] 1000 0.01 0.98 1 1
11 1 10 [75] 160.0 5.0 0.2 0.825 1.386 0.561 0.05 [75] 1000 0.01 0.98 1 1
12 1 10 [75] 160.0 5.0 0.4 0.794 1.408 0.567 0.05 [75] 1000 0.01 0.98 1 1
13 1 10 [75] 160.0 15.0 0.05 0.869 1.601 0.548 0.05 [75] 1000 0.01 0.98 1 1
14 1 10 [75] 160.0 15.0 0.2 0.869 1.528 0.55 0.05 [75] 1000 0.01 0.98 1 1
15 1 10 [75] 160.0 15.0 0.4 0.85 1.662 0.555 0.05 [75] 1000 0.01 0.98 1 1
16 1 10 [75] 160.0 20.0 0.05 0.856 1.65 0.543 0.05 [75] 1000 0.01 0.98 1 1
17 1 10 [75] 160.0 20.0 0.2 0.875 1.671 0.557 0.05 [75] 1000 0.01 0.98 1 1
18 1 10 [75] 160.0 20.0 0.4 0.838 1.74 0.547 0.05 [75] 1000 0.01 0.98 1 1
19 1 10 [100] 160.0 5.0 0.05 0.831 1.335 0.555 0.05 [100] 1000 0.01 0.98 1 1
20 1 10 [100] 160.0 5.0 0.2 0.806 1.287 0.546 0.05 [100] 1000 0.01 0.98 1 1
21 1 10 [100] 160.0 5.0 0.4 0.719 1.321 0.555 0.05 [100] 1000 0.01 0.98 1 1
22 1 10 [100] 160.0 15.0 0.05 0.856 1.496 0.529 0.05 [100] 1000 0.01 0.98 1 1
23 1 10 [100] 160.0 15.0 0.2 0.862 1.544 0.534 0.05 [100] 1000 0.01 0.98 1 1
24 1 10 [100] 160.0 15.0 0.4 0.775 1.522 0.566 0.05 [100] 1000 0.01 0.98 1 1
25 1 10 [100] 160.0 20.0 0.05 0.888 1.565 0.56 0.05 [100] 1000 0.01 0.98 1 1
26 1 10 [100] 160.0 20.0 0.2 0.85 1.676 0.551 0.05 [100] 1000 0.01 0.98 1 1
27 1 10 [100] 160.0 20.0 0.4 0.806 1.728 0.578 0.05 [100] 1000 0.01 0.98 1 1
28 1 20 [50] 160.0 5.0 0.05 0.862 1.496 0.571 0.05 [50] 1000 0.01 0.98 1 1
29 1 20 [50] 160.0 5.0 0.2 0.844 1.485 0.59 0.05 [50] 1000 0.01 0.98 1 1
30 1 20 [50] 160.0 5.0 0.4 0.794 1.425 0.544 0.05 [50] 1000 0.01 0.98 1 1
31 1 20 [50] 160.0 15.0 0.05 0.9 1.695 0.561 0.05 [50] 1000 0.01 0.98 1 1
32 1 20 [50] 160.0 15.0 0.2 0.875 1.623 0.576 0.05 [50] 1000 0.01 0.98 1 1
33 1 20 [50] 160.0 15.0 0.4 0.869 1.664 0.559 0.05 [50] 1000 0.01 0.98 1 1
34 1 20 [50] 160.0 20.0 0.05 0.894 1.715 0.562 0.05 [50] 1000 0.01 0.98 1 1
35 1 20 [50] 160.0 20.0 0.2 0.894 1.741 0.567 0.05 [50] 1000 0.01 0.98 1 1
36 1 20 [50] 160.0 20.0 0.4 0.856 1.776 0.582 0.05 [50] 1000 0.01 0.98 1 1
37 1 20 [75] 160.0 5.0 0.05 0.831 1.381 0.564 0.05 [75] 1000 0.01 0.98 1 1
38 1 20 [75] 160.0 5.0 0.2 0.756 1.329 0.559 0.05 [75] 1000 0.01 0.98 1 1
39 1 20 [75] 160.0 5.0 0.4 0.744 1.367 0.536 0.05 [75] 1000 0.01 0.98 1 1
40 1 20 [75] 160.0 15.0 0.05 0.844 1.625 0.555 0.05 [75] 1000 0.01 0.98 1 1
41 1 20 [75] 160.0 15.0 0.2 0.862 1.567 0.545 0.05 [75] 1000 0.01 0.98 1 1
42 1 20 [75] 160.0 15.0 0.4 0.781 1.578 0.547 0.05 [75] 1000 0.01 0.98 1 1
43 1 20 [75] 160.0 20.0 0.05 0.875 1.663 0.556 0.05 [75] 1000 0.01 0.98 1 1
44 1 20 [75] 160.0 20.0 0.2 0.875 1.637 0.541 0.05 [75] 1000 0.01 0.98 1 1
45 1 20 [75] 160.0 20.0 0.4 0.819 1.693 0.547 0.05 [75] 1000 0.01 0.98 1 1
46 1 20 [100] 160.0 5.0 0.05 0.8 1.318 0.566 0.05 [100] 1000 0.01 0.98 1 1
47 1 20 [100] 160.0 5.0 0.2 0.825 1.319 0.563 0.05 [100] 1000 0.01 0.98 1 1
48 1 20 [100] 160.0 5.0 0.4 0.744 1.236 0.54 0.05 [100] 1000 0.01 0.98 1 1
49 1 20 [100] 160.0 15.0 0.05 0.856 1.533 0.543 0.05 [100] 1000 0.01 0.98 1 1
50 1 20 [100] 160.0 15.0 0.2 0.831 1.593 0.55 0.05 [100] 1000 0.01 0.98 1 1
51 1 20 [100] 160.0 15.0 0.4 0.788 1.526 0.564 0.05 [100] 1000 0.01 0.98 1 1
52 1 20 [100] 160.0 20.0 0.05 0.894 1.623 0.553 0.05 [100] 1000 0.01 0.98 1 1
53 1 20 [100] 160.0 20.0 0.2 0.856 1.655 0.538 0.05 [100] 1000 0.01 0.98 1 1
54 1 20 [100] 160.0 20.0 0.4 0.819 1.607 0.565 0.05 [100] 1000 0.01 0.98 1 1
55 1 30 [50] 160.0 5.0 0.05 0.862 1.516 0.578 0.05 [50] 1000 0.01 0.98 1 1
56 1 30 [50] 160.0 5.0 0.2 0.856 1.493 0.573 0.05 [50] 1000 0.01 0.98 1 1
57 1 30 [50] 160.0 5.0 0.4 0.831 1.469 0.555 0.05 [50] 1000 0.01 0.98 1 1
58 1 30 [50] 160.0 15.0 0.05 0.894 1.804 0.579 0.05 [50] 1000 0.01 0.98 1 1
59 1 30 [50] 160.0 15.0 0.2 0.875 1.706 0.569 0.05 [50] 1000 0.01 0.98 1 1
60 1 30 [50] 160.0 15.0 0.4 0.856 1.76 0.555 0.05 [50] 1000 0.01 0.98 1 1
61 1 30 [50] 160.0 20.0 0.05 0.875 1.763 0.578 0.05 [50] 1000 0.01 0.98 1 1
62 1 30 [50] 160.0 20.0 0.2 0.875 1.824 0.561 0.05 [50] 1000 0.01 0.98 1 1
63 1 30 [50] 160.0 20.0 0.4 0.881 1.836 0.572 0.05 [50] 1000 0.01 0.98 1 1
64 1 30 [75] 160.0 5.0 0.05 0.838 1.44 0.585 0.05 [75] 1000 0.01 0.98 1 1
65 1 30 [75] 160.0 5.0 0.2 0.794 1.396 0.568 0.05 [75] 1000 0.01 0.98 1 1
66 1 30 [75] 160.0 5.0 0.4 0.825 1.425 0.518 0.05 [75] 1000 0.01 0.98 1 1
67 1 30 [75] 160.0 15.0 0.05 0.856 1.65 0.559 0.05 [75] 1000 0.01 0.98 1 1
68 1 30 [75] 160.0 15.0 0.2 0.869 1.617 0.559 0.05 [75] 1000 0.01 0.98 1 1
69 1 30 [75] 160.0 15.0 0.4 0.856 1.716 0.531 0.05 [75] 1000 0.01 0.98 1 1
70 1 30 [75] 160.0 20.0 0.05 0.888 1.703 0.563 0.05 [75] 1000 0.01 0.98 1 1
71 1 30 [75] 160.0 20.0 0.2 0.875 1.625 0.563 0.05 [75] 1000 0.01 0.98 1 1
72 1 30 [75] 160.0 20.0 0.4 0.881 1.778 0.555 0.05 [75] 1000 0.01 0.98 1 1
73 1 30 [100] 160.0 5.0 0.05 0.812 1.345 0.542 0.05 [100] 1000 0.01 0.98 1 1
74 1 30 [100] 160.0 5.0 0.2 0.812 1.333 0.558 0.05 [100] 1000 0.01 0.98 1 1
75 1 30 [100] 160.0 5.0 0.4 0.756 1.344 0.544 0.05 [100] 1000 0.01 0.98 1 1
76 1 30 [100] 160.0 15.0 0.05 0.869 1.553 0.558 0.05 [100] 1000 0.01 0.98 1 1
77 1 30 [100] 160.0 15.0 0.2 0.869 1.499 0.575 0.05 [100] 1000 0.01 0.98 1 1
78 1 30 [100] 160.0 15.0 0.4 0.819 1.633 0.55 0.05 [100] 1000 0.01 0.98 1 1
79 1 30 [100] 160.0 20.0 0.05 0.875 1.676 0.566 0.05 [100] 1000 0.01 0.98 1 1
80 1 30 [100] 160.0 20.0 0.2 0.85 1.535 0.553 0.05 [100] 1000 0.01 0.98 1 1
81 1 30 [100] 160.0 20.0 0.4 0.838 1.658 0.546 0.05 [100] 1000 0.01 0.98 1 1
82 2 10 [50] 160.0 5.0 0.05 0.831 1.646 0.655 0.05 [50] 1000 0.01 0.98 1 1
83 2 10 [50] 160.0 5.0 0.2 0.819 1.566 0.624 0.05 [50] 1000 0.01 0.98 1 1
84 2 10 [50] 160.0 5.0 0.4 0.794 1.583 0.637 0.05 [50] 1000 0.01 0.98 1 1
85 2 10 [50] 160.0 15.0 0.05 0.875 1.862 0.624 0.05 [50] 1000 0.01 0.98 1 1
86 2 10 [50] 160.0 15.0 0.2 0.875 1.812 0.634 0.05 [50] 1000 0.01 0.98 1 1
87 2 10 [50] 160.0 15.0 0.4 0.788 1.817 0.642 0.05 [50] 1000 0.01 0.98 1 1
88 2 10 [50] 160.0 20.0 0.05 0.869 1.861 0.633 0.05 [50] 1000 0.01 0.98 1 1
89 2 10 [50] 160.0 20.0 0.2 0.869 1.845 0.622 0.05 [50] 1000 0.01 0.98 1 1
90 2 10 [50] 160.0 20.0 0.4 0.806 1.957 0.664 0.05 [50] 1000 0.01 0.98 1 1
91 2 10 [75] 160.0 5.0 0.05 0.788 1.546 0.638 0.05 [75] 1000 0.01 0.98 1 1
92 2 10 [75] 160.0 5.0 0.2 0.781 1.515 0.619 0.05 [75] 1000 0.01 0.98 1 1
93 2 10 [75] 160.0 5.0 0.4 0.75 1.458 0.608 0.05 [75] 1000 0.01 0.98 1 1
94 2 10 [75] 160.0 15.0 0.05 0.831 1.736 0.62 0.05 [75] 1000 0.01 0.98 1 1
95 2 10 [75] 160.0 15.0 0.2 0.825 1.754 0.63 0.05 [75] 1000 0.01 0.98 1 1
96 2 10 [75] 160.0 15.0 0.4 0.8 1.868 0.655 0.05 [75] 1000 0.01 0.98 1 1
97 2 10 [75] 160.0 20.0 0.05 0.819 1.814 0.644 0.05 [75] 1000 0.01 0.98 1 1
98 2 10 [75] 160.0 20.0 0.2 0.838 1.825 0.615 0.05 [75] 1000 0.01 0.98 1 1
99 2 10 [75] 160.0 20.0 0.4 0.788 1.876 0.672 0.05 [75] 1000 0.01 0.98 1 1
100 2 10 [100] 160.0 5.0 0.05 0.788 1.446 0.624 0.05 [100] 1000 0.01 0.98 1 1
101 2 10 [100] 160.0 5.0 0.2 0.75 1.395 0.67 0.05 [100] 1000 0.01 0.98 1 1
102 2 10 [100] 160.0 5.0 0.4 0.694 1.399 0.641 0.05 [100] 1000 0.01 0.98 1 1
103 2 10 [100] 160.0 15.0 0.05 0.819 1.75 0.604 0.05 [100] 1000 0.01 0.98 1 1
104 2 10 [100] 160.0 15.0 0.2 0.831 1.672 0.616 0.05 [100] 1000 0.01 0.98 1 1
105 2 10 [100] 160.0 15.0 0.4 0.812 1.727 0.643 0.05 [100] 1000 0.01 0.98 1 1
106 2 10 [100] 160.0 20.0 0.05 0.838 1.789 0.602 0.05 [100] 1000 0.01 0.98 1 1
107 2 10 [100] 160.0 20.0 0.2 0.8 1.724 0.643 0.05 [100] 1000 0.01 0.98 1 1
108 2 10 [100] 160.0 20.0 0.4 0.769 1.802 0.658 0.05 [100] 1000 0.01 0.98 1 1
109 2 20 [50] 160.0 5.0 0.05 0.838 1.651 0.639 0.05 [50] 1000 0.01 0.98 1 1
110 2 20 [50] 160.0 5.0 0.2 0.769 1.517 0.638 0.05 [50] 1000 0.01 0.98 1 1
111 2 20 [50] 160.0 5.0 0.4 0.794 1.555 0.623 0.05 [50] 1000 0.01 0.98 1 1
112 2 20 [50] 160.0 15.0 0.05 0.881 1.859 0.619 0.05 [50] 1000 0.01 0.98 1 1
113 2 20 [50] 160.0 15.0 0.2 0.831 1.809 0.618 0.05 [50] 1000 0.01 0.98 1 1
114 2 20 [50] 160.0 15.0 0.4 0.8 1.905 0.638 0.05 [50] 1000 0.01 0.98 1 1
115 2 20 [50] 160.0 20.0 0.05 0.906 1.977 0.616 0.05 [50] 1000 0.01 0.98 1 1
116 2 20 [50] 160.0 20.0 0.2 0.862 1.867 0.635 0.05 [50] 1000 0.01 0.98 1 1
117 2 20 [50] 160.0 20.0 0.4 0.819 1.898 0.63 0.05 [50] 1000 0.01 0.98 1 1
118 2 20 [75] 160.0 5.0 0.05 0.781 1.49 0.603 0.05 [75] 1000 0.01 0.98 1 1
119 2 20 [75] 160.0 5.0 0.2 0.806 1.496 0.619 0.05 [75] 1000 0.01 0.98 1 1
120 2 20 [75] 160.0 5.0 0.4 0.731 1.433 0.61 0.05 [75] 1000 0.01 0.98 1 1
121 2 20 [75] 160.0 15.0 0.05 0.856 1.776 0.623 0.05 [75] 1000 0.01 0.98 1 1
122 2 20 [75] 160.0 15.0 0.2 0.825 1.741 0.638 0.05 [75] 1000 0.01 0.98 1 1
123 2 20 [75] 160.0 15.0 0.4 0.8 1.717 0.635 0.05 [75] 1000 0.01 0.98 1 1
124 2 20 [75] 160.0 20.0 0.05 0.831 1.817 0.627 0.05 [75] 1000 0.01 0.98 1 1
125 2 20 [75] 160.0 20.0 0.2 0.812 1.826 0.642 0.05 [75] 1000 0.01 0.98 1 1
126 2 20 [75] 160.0 20.0 0.4 0.788 1.877 0.649 0.05 [75] 1000 0.01 0.98 1 1
127 2 20 [100] 160.0 5.0 0.05 0.8 1.469 0.622 0.05 [100] 1000 0.01 0.98 1 1
128 2 20 [100] 160.0 5.0 0.2 0.788 1.412 0.613 0.05 [100] 1000 0.01 0.98 1 1
129 2 20 [100] 160.0 5.0 0.4 0.738 1.439 0.633 0.05 [100] 1000 0.01 0.98 1 1
130 2 20 [100] 160.0 15.0 0.05 0.794 1.65 0.605 0.05 [100] 1000 0.01 0.98 1 1
131 2 20 [100] 160.0 15.0 0.2 0.8 1.745 0.63 0.05 [100] 1000 0.01 0.98 1 1
132 2 20 [100] 160.0 15.0 0.4 0.825 1.719 0.61 0.05 [100] 1000 0.01 0.98 1 1
133 2 20 [100] 160.0 20.0 0.05 0.844 1.798 0.606 0.05 [100] 1000 0.01 0.98 1 1
134 2 20 [100] 160.0 20.0 0.2 0.838 1.761 0.619 0.05 [100] 1000 0.01 0.98 1 1
135 2 20 [100] 160.0 20.0 0.4 0.825 1.759 0.629 0.05 [100] 1000 0.01 0.98 1 1
136 2 30 [50] 160.0 5.0 0.05 0.819 1.591 0.645 0.05 [50] 1000 0.01 0.98 1 1
137 2 30 [50] 160.0 5.0 0.2 0.75 1.487 0.632 0.05 [50] 1000 0.01 0.98 1 1
138 2 30 [50] 160.0 5.0 0.4 0.769 1.651 0.645 0.05 [50] 1000 0.01 0.98 1 1
139 2 30 [50] 160.0 15.0 0.05 0.85 1.953 0.629 0.05 [50] 1000 0.01 0.98 1 1
140 2 30 [50] 160.0 15.0 0.2 0.862 1.891 0.656 0.05 [50] 1000 0.01 0.98 1 1
141 2 30 [50] 160.0 15.0 0.4 0.831 1.912 0.633 0.05 [50] 1000 0.01 0.98 1 1
142 2 30 [50] 160.0 20.0 0.05 0.862 1.992 0.624 0.05 [50] 1000 0.01 0.98 1 1
143 2 30 [50] 160.0 20.0 0.2 0.85 1.883 0.643 0.05 [50] 1000 0.01 0.98 1 1
144 2 30 [50] 160.0 20.0 0.4 0.838 2.048 0.65 0.05 [50] 1000 0.01 0.98 1 1
145 2 30 [75] 160.0 5.0 0.05 0.781 1.522 0.618 0.05 [75] 1000 0.01 0.98 1 1
146 2 30 [75] 160.0 5.0 0.2 0.762 1.473 0.626 0.05 [75] 1000 0.01 0.98 1 1
147 2 30 [75] 160.0 5.0 0.4 0.694 1.472 0.648 0.05 [75] 1000 0.01 0.98 1 1
148 2 30 [75] 160.0 15.0 0.05 0.862 1.79 0.621 0.05 [75] 1000 0.01 0.98 1 1
149 2 30 [75] 160.0 15.0 0.2 0.781 1.709 0.646 0.05 [75] 1000 0.01 0.98 1 1
150 2 30 [75] 160.0 15.0 0.4 0.781 1.841 0.622 0.05 [75] 1000 0.01 0.98 1 1
151 2 30 [75] 160.0 20.0 0.05 0.838 1.897 0.614 0.05 [75] 1000 0.01 0.98 1 1
152 2 30 [75] 160.0 20.0 0.2 0.825 1.863 0.612 0.05 [75] 1000 0.01 0.98 1 1
153 2 30 [75] 160.0 20.0 0.4 0.806 1.86 0.619 0.05 [75] 1000 0.01 0.98 1 1
154 2 30 [100] 160.0 5.0 0.05 0.788 1.458 0.648 0.05 [100] 1000 0.01 0.98 1 1
155 2 30 [100] 160.0 5.0 0.2 0.744 1.376 0.618 0.05 [100] 1000 0.01 0.98 1 1
156 2 30 [100] 160.0 5.0 0.4 0.681 1.426 0.621 0.05 [100] 1000 0.01 0.98 1 1
157 2 30 [100] 160.0 15.0 0.05 0.831 1.758 0.6 0.05 [100] 1000 0.01 0.98 1 1
158 2 30 [100] 160.0 15.0 0.2 0.788 1.642 0.634 0.05 [100] 1000 0.01 0.98 1 1
159 2 30 [100] 160.0 15.0 0.4 0.788 1.702 0.637 0.05 [100] 1000 0.01 0.98 1 1
160 2 30 [100] 160.0 20.0 0.05 0.825 1.77 0.605 0.05 [100] 1000 0.01 0.98 1 1
161 2 30 [100] 160.0 20.0 0.2 0.831 1.775 0.626 0.05 [100] 1000 0.01 0.98 1 1
162 2 30 [100] 160.0 20.0 0.4 0.781 1.827 0.652 0.05 [100] 1000 0.01 0.98 1 1
163 3 10 [50] 160.0 5.0 0.05 0.819 1.41 0.629 0.05 [50] 1000 0.01 0.98 1 1
164 3 10 [50] 160.0 5.0 0.2 0.8 1.427 0.626 0.05 [50] 1000 0.01 0.98 1 1
165 3 10 [50] 160.0 5.0 0.4 0.806 1.519 0.641 0.05 [50] 1000 0.01 0.98 1 1
166 3 10 [50] 160.0 15.0 0.05 0.844 1.647 0.665 0.05 [50] 1000 0.01 0.98 1 1
167 3 10 [50] 160.0 15.0 0.2 0.869 1.678 0.645 0.05 [50] 1000 0.01 0.98 1 1
168 3 10 [50] 160.0 15.0 0.4 0.838 1.763 0.635 0.05 [50] 1000 0.01 0.98 1 1
169 3 10 [50] 160.0 20.0 0.05 0.856 1.685 0.638 0.05 [50] 1000 0.01 0.98 1 1
170 3 10 [50] 160.0 20.0 0.2 0.856 1.689 0.64 0.05 [50] 1000 0.01 0.98 1 1
171 3 10 [50] 160.0 20.0 0.4 0.812 1.757 0.636 0.05 [50] 1000 0.01 0.98 1 1
172 3 10 [75] 160.0 5.0 0.05 0.806 1.403 0.644 0.05 [75] 1000 0.01 0.98 1 1
173 3 10 [75] 160.0 5.0 0.2 0.762 1.37 0.649 0.05 [75] 1000 0.01 0.98 1 1
174 3 10 [75] 160.0 5.0 0.4 0.744 1.38 0.65 0.05 [75] 1000 0.01 0.98 1 1
175 3 10 [75] 160.0 15.0 0.05 0.825 1.572 0.651 0.05 [75] 1000 0.01 0.98 1 1
176 3 10 [75] 160.0 15.0 0.2 0.825 1.536 0.613 0.05 [75] 1000 0.01 0.98 1 1
177 3 10 [75] 160.0 15.0 0.4 0.8 1.646 0.614 0.05 [75] 1000 0.01 0.98 1 1
178 3 10 [75] 160.0 20.0 0.05 0.856 1.653 0.667 0.05 [75] 1000 0.01 0.98 1 1
179 3 10 [75] 160.0 20.0 0.2 0.856 1.664 0.622 0.05 [75] 1000 0.01 0.98 1 1
180 3 10 [75] 160.0 20.0 0.4 0.819 1.73 0.641 0.05 [75] 1000 0.01 0.98 1 1
181 3 10 [100] 160.0 5.0 0.05 0.794 1.319 0.636 0.05 [100] 1000 0.01 0.98 1 1
182 3 10 [100] 160.0 5.0 0.2 0.788 1.295 0.64 0.05 [100] 1000 0.01 0.98 1 1
183 3 10 [100] 160.0 5.0 0.4 0.706 1.293 0.599 0.05 [100] 1000 0.01 0.98 1 1
184 3 10 [100] 160.0 15.0 0.05 0.831 1.504 0.634 0.05 [100] 1000 0.01 0.98 1 1
185 3 10 [100] 160.0 15.0 0.2 0.825 1.509 0.63 0.05 [100] 1000 0.01 0.98 1 1
186 3 10 [100] 160.0 15.0 0.4 0.756 1.564 0.619 0.05 [100] 1000 0.01 0.98 1 1
187 3 10 [100] 160.0 20.0 0.05 0.831 1.582 0.623 0.05 [100] 1000 0.01 0.98 1 1
188 3 10 [100] 160.0 20.0 0.2 0.856 1.527 0.629 0.05 [100] 1000 0.01 0.98 1 1
189 3 10 [100] 160.0 20.0 0.4 0.8 1.661 0.629 0.05 [100] 1000 0.01 0.98 1 1
190 3 20 [50] 160.0 5.0 0.05 0.825 1.444 0.65 0.05 [50] 1000 0.01 0.98 1 1
191 3 20 [50] 160.0 5.0 0.2 0.788 1.376 0.623 0.05 [50] 1000 0.01 0.98 1 1
192 3 20 [50] 160.0 5.0 0.4 0.756 1.417 0.627 0.05 [50] 1000 0.01 0.98 1 1
193 3 20 [50] 160.0 15.0 0.05 0.862 1.638 0.659 0.05 [50] 1000 0.01 0.98 1 1
194 3 20 [50] 160.0 15.0 0.2 0.844 1.68 0.616 0.05 [50] 1000 0.01 0.98 1 1
195 3 20 [50] 160.0 15.0 0.4 0.788 1.668 0.634 0.05 [50] 1000 0.01 0.98 1 1
196 3 20 [50] 160.0 20.0 0.05 0.869 1.694 0.633 0.05 [50] 1000 0.01 0.98 1 1
197 3 20 [50] 160.0 20.0 0.2 0.844 1.704 0.628 0.05 [50] 1000 0.01 0.98 1 1
198 3 20 [50] 160.0 20.0 0.4 0.8 1.743 0.619 0.05 [50] 1000 0.01 0.98 1 1
199 3 20 [75] 160.0 5.0 0.05 0.812 1.388 0.648 0.05 [75] 1000 0.01 0.98 1 1
200 3 20 [75] 160.0 5.0 0.2 0.806 1.295 0.628 0.05 [75] 1000 0.01 0.98 1 1
201 3 20 [75] 160.0 5.0 0.4 0.744 1.336 0.592 0.05 [75] 1000 0.01 0.98 1 1
202 3 20 [75] 160.0 15.0 0.05 0.831 1.589 0.644 0.05 [75] 1000 0.01 0.98 1 1
203 3 20 [75] 160.0 15.0 0.2 0.812 1.517 0.624 0.05 [75] 1000 0.01 0.98 1 1
204 3 20 [75] 160.0 15.0 0.4 0.781 1.619 0.623 0.05 [75] 1000 0.01 0.98 1 1
205 3 20 [75] 160.0 20.0 0.05 0.844 1.68 0.643 0.05 [75] 1000 0.01 0.98 1 1
206 3 20 [75] 160.0 20.0 0.2 0.844 1.612 0.626 0.05 [75] 1000 0.01 0.98 1 1
207 3 20 [75] 160.0 20.0 0.4 0.812 1.632 0.619 0.05 [75] 1000 0.01 0.98 1 1
208 3 20 [100] 160.0 5.0 0.05 0.788 1.334 0.635 0.05 [100] 1000 0.01 0.98 1 1
209 3 20 [100] 160.0 5.0 0.2 0.762 1.275 0.642 0.05 [100] 1000 0.01 0.98 1 1
210 3 20 [100] 160.0 5.0 0.4 0.719 1.25 0.622 0.05 [100] 1000 0.01 0.98 1 1
211 3 20 [100] 160.0 15.0 0.05 0.825 1.511 0.637 0.05 [100] 1000 0.01 0.98 1 1
212 3 20 [100] 160.0 15.0 0.2 0.806 1.495 0.623 0.05 [100] 1000 0.01 0.98 1 1
213 3 20 [100] 160.0 15.0 0.4 0.788 1.484 0.615 0.05 [100] 1000 0.01 0.98 1 1
214 3 20 [100] 160.0 20.0 0.05 0.856 1.566 0.638 0.05 [100] 1000 0.01 0.98 1 1
215 3 20 [100] 160.0 20.0 0.2 0.8 1.574 0.615 0.05 [100] 1000 0.01 0.98 1 1
216 3 20 [100] 160.0 20.0 0.4 0.788 1.611 0.621 0.05 [100] 1000 0.01 0.98 1 1
217 3 30 [50] 160.0 5.0 0.05 0.825 1.473 0.658 0.05 [50] 1000 0.01 0.98 1 1
218 3 30 [50] 160.0 5.0 0.2 0.819 1.387 0.651 0.05 [50] 1000 0.01 0.98 1 1
219 3 30 [50] 160.0 5.0 0.4 0.769 1.391 0.64 0.05 [50] 1000 0.01 0.98 1 1
220 3 30 [50] 160.0 15.0 0.05 0.875 1.724 0.642 0.05 [50] 1000 0.01 0.98 1 1
221 3 30 [50] 160.0 15.0 0.2 0.812 1.671 0.637 0.05 [50] 1000 0.01 0.98 1 1
222 3 30 [50] 160.0 15.0 0.4 0.812 1.782 0.648 0.05 [50] 1000 0.01 0.98 1 1
223 3 30 [50] 160.0 20.0 0.05 0.881 1.78 0.618 0.05 [50] 1000 0.01 0.98 1 1
224 3 30 [50] 160.0 20.0 0.2 0.85 1.733 0.625 0.05 [50] 1000 0.01 0.98 1 1
225 3 30 [50] 160.0 20.0 0.4 0.825 1.791 0.624 0.05 [50] 1000 0.01 0.98 1 1
226 3 30 [75] 160.0 5.0 0.05 0.819 1.353 0.649 0.05 [75] 1000 0.01 0.98 1 1
227 3 30 [75] 160.0 5.0 0.2 0.806 1.331 0.63 0.05 [75] 1000 0.01 0.98 1 1
228 3 30 [75] 160.0 5.0 0.4 0.769 1.453 0.625 0.05 [75] 1000 0.01 0.98 1 1
229 3 30 [75] 160.0 15.0 0.05 0.856 1.617 0.636 0.05 [75] 1000 0.01 0.98 1 1
230 3 30 [75] 160.0 15.0 0.2 0.812 1.555 0.638 0.05 [75] 1000 0.01 0.98 1 1
231 3 30 [75] 160.0 15.0 0.4 0.819 1.634 0.631 0.05 [75] 1000 0.01 0.98 1 1
232 3 30 [75] 160.0 20.0 0.05 0.875 1.617 0.646 0.05 [75] 1000 0.01 0.98 1 1
233 3 30 [75] 160.0 20.0 0.2 0.844 1.636 0.623 0.05 [75] 1000 0.01 0.98 1 1
234 3 30 [75] 160.0 20.0 0.4 0.825 1.757 0.631 0.05 [75] 1000 0.01 0.98 1 1
235 3 30 [100] 160.0 5.0 0.05 0.781 1.308 0.64 0.05 [100] 1000 0.01 0.98 1 1
236 3 30 [100] 160.0 5.0 0.2 0.744 1.263 0.632 0.05 [100] 1000 0.01 0.98 1 1
237 3 30 [100] 160.0 5.0 0.4 0.719 1.238 0.621 0.05 [100] 1000 0.01 0.98 1 1
238 3 30 [100] 160.0 15.0 0.05 0.844 1.521 0.635 0.05 [100] 1000 0.01 0.98 1 1
239 3 30 [100] 160.0 15.0 0.2 0.838 1.478 0.633 0.05 [100] 1000 0.01 0.98 1 1
240 3 30 [100] 160.0 15.0 0.4 0.788 1.571 0.618 0.05 [100] 1000 0.01 0.98 1 1
241 3 30 [100] 160.0 20.0 0.05 0.862 1.651 0.627 0.05 [100] 1000 0.01 0.98 1 1
242 3 30 [100] 160.0 20.0 0.2 0.825 1.614 0.627 0.05 [100] 1000 0.01 0.98 1 1
243 3 30 [100] 160.0 20.0 0.4 0.812 1.586 0.614 0.05 [100] 1000 0.01 0.98 1 1
