EXP split_seed random_seed neurons soft lambda_in sigma_in PICP_test MPIW_test RMSE alpha h_size epochs lr decay_rate ensemb n_runs
1 1 10 [50] 160.0 5.0 0.05 0.903 0.121 0.803 0.05 [50] 2000 0.005 0.98 1 1
2 1 10 [50] 160.0 5.0 0.2 0.871 0.101 0.834 0.05 [50] 2000 0.005 0.98 1 1
3 1 10 [50] 160.0 5.0 0.4 0.839 0.231 1.873 0.05 [50] 2000 0.005 0.98 1 1
4 1 10 [50] 160.0 15.0 0.05 0.935 0.144 0.743 0.05 [50] 2000 0.005 0.98 1 1
5 1 10 [50] 160.0 15.0 0.2 0.968 0.137 0.921 0.05 [50] 2000 0.005 0.98 1 1
6 1 10 [50] 160.0 15.0 0.4 0.71 0.331 2.507 0.05 [50] 2000 0.005 0.98 1 1
7 1 10 [50] 160.0 20.0 0.05 1.0 0.193 0.836 0.05 [50] 2000 0.005 0.98 1 1
8 1 10 [50] 160.0 20.0 0.2 0.935 0.174 1.066 0.05 [50] 2000 0.005 0.98 1 1
9 1 10 [50] 160.0 20.0 0.4 0.903 0.473 3.197 0.05 [50] 2000 0.005 0.98 1 1
10 1 10 [75] 160.0 5.0 0.05 0.903 0.098 0.673 0.05 [75] 2000 0.005 0.98 1 1
11 1 10 [75] 160.0 5.0 0.2 0.871 0.109 0.769 0.05 [75] 2000 0.005 0.98 1 1
12 1 10 [75] 160.0 5.0 0.4 0.871 0.236 1.989 0.05 [75] 2000 0.005 0.98 1 1
13 1 10 [75] 160.0 15.0 0.05 0.935 0.121 0.629 0.05 [75] 2000 0.005 0.98 1 1
14 1 10 [75] 160.0 15.0 0.2 0.935 0.172 0.972 0.05 [75] 2000 0.005 0.98 1 1
15 1 10 [75] 160.0 15.0 0.4 0.903 0.414 2.693 0.05 [75] 2000 0.005 0.98 1 1
16 1 10 [75] 160.0 20.0 0.05 0.935 0.155 0.972 0.05 [75] 2000 0.005 0.98 1 1
17 1 10 [75] 160.0 20.0 0.2 0.935 0.184 0.853 0.05 [75] 2000 0.005 0.98 1 1
18 1 10 [75] 160.0 20.0 0.4 0.871 0.509 3.167 0.05 [75] 2000 0.005 0.98 1 1
19 1 10 [100] 160.0 5.0 0.05 0.774 0.088 0.832 0.05 [100] 2000 0.005 0.98 1 1
20 1 10 [100] 160.0 5.0 0.2 0.968 0.097 0.481 0.05 [100] 2000 0.005 0.98 1 1
21 1 10 [100] 160.0 5.0 0.4 0.871 0.243 1.492 0.05 [100] 2000 0.005 0.98 1 1
22 1 10 [100] 160.0 15.0 0.05 0.968 0.245 0.604 0.05 [100] 2000 0.005 0.98 1 1
23 1 10 [100] 160.0 15.0 0.2 1.0 0.186 0.887 0.05 [100] 2000 0.005 0.98 1 1
24 1 10 [100] 160.0 15.0 0.4 0.968 0.336 1.67 0.05 [100] 2000 0.005 0.98 1 1
25 1 10 [100] 160.0 20.0 0.05 0.935 0.135 0.71 0.05 [100] 2000 0.005 0.98 1 1
26 1 10 [100] 160.0 20.0 0.2 0.935 0.242 1.17 0.05 [100] 2000 0.005 0.98 1 1
27 1 10 [100] 160.0 20.0 0.4 0.806 0.384 2.34 0.05 [100] 2000 0.005 0.98 1 1
28 1 20 [50] 160.0 5.0 0.05 0.871 0.136 0.838 0.05 [50] 2000 0.005 0.98 1 1
29 1 20 [50] 160.0 5.0 0.2 0.871 0.105 0.664 0.05 [50] 2000 0.005 0.98 1 1
30 1 20 [50] 160.0 5.0 0.4 0.935 0.226 1.172 0.05 [50] 2000 0.005 0.98 1 1
31 1 20 [50] 160.0 15.0 0.05 1.0 0.208 0.815 0.05 [50] 2000 0.005 0.98 1 1
32 1 20 [50] 160.0 15.0 0.2 0.935 0.166 0.771 0.05 [50] 2000 0.005 0.98 1 1
33 1 20 [50] 160.0 15.0 0.4 0.839 0.291 1.803 0.05 [50] 2000 0.005 0.98 1 1
34 1 20 [50] 160.0 20.0 0.05 0.935 0.149 0.789 0.05 [50] 2000 0.005 0.98 1 1
35 1 20 [50] 160.0 20.0 0.2 0.871 0.158 1.037 0.05 [50] 2000 0.005 0.98 1 1
36 1 20 [50] 160.0 20.0 0.4 0.742 0.311 2.095 0.05 [50] 2000 0.005 0.98 1 1
37 1 20 [75] 160.0 5.0 0.05 0.903 0.112 0.794 0.05 [75] 2000 0.005 0.98 1 1
38 1 20 [75] 160.0 5.0 0.2 0.968 0.174 0.675 0.05 [75] 2000 0.005 0.98 1 1
39 1 20 [75] 160.0 5.0 0.4 0.774 0.153 1.494 0.05 [75] 2000 0.005 0.98 1 1
40 1 20 [75] 160.0 15.0 0.05 0.968 0.177 0.848 0.05 [75] 2000 0.005 0.98 1 1
41 1 20 [75] 160.0 15.0 0.2 0.935 0.12 1.009 0.05 [75] 2000 0.005 0.98 1 1
42 1 20 [75] 160.0 15.0 0.4 0.935 0.316 1.643 0.05 [75] 2000 0.005 0.98 1 1
43 1 20 [75] 160.0 20.0 0.05 1.0 0.141 0.661 0.05 [75] 2000 0.005 0.98 1 1
44 1 20 [75] 160.0 20.0 0.2 0.903 0.165 1.002 0.05 [75] 2000 0.005 0.98 1 1
45 1 20 [75] 160.0 20.0 0.4 0.871 0.309 1.903 0.05 [75] 2000 0.005 0.98 1 1
46 1 20 [100] 160.0 5.0 0.05 0.839 0.082 0.532 0.05 [100] 2000 0.005 0.98 1 1
47 1 20 [100] 160.0 5.0 0.2 0.968 0.127 0.444 0.05 [100] 2000 0.005 0.98 1 1
48 1 20 [100] 160.0 5.0 0.4 0.806 0.165 1.492 0.05 [100] 2000 0.005 0.98 1 1
49 1 20 [100] 160.0 15.0 0.05 0.903 0.122 0.645 0.05 [100] 2000 0.005 0.98 1 1
50 1 20 [100] 160.0 15.0 0.2 0.935 0.162 0.7 0.05 [100] 2000 0.005 0.98 1 1
51 1 20 [100] 160.0 15.0 0.4 0.71 0.312 2.76 0.05 [100] 2000 0.005 0.98 1 1
52 1 20 [100] 160.0 20.0 0.05 0.968 0.224 0.697 0.05 [100] 2000 0.005 0.98 1 1
53 1 20 [100] 160.0 20.0 0.2 0.903 0.16 0.98 0.05 [100] 2000 0.005 0.98 1 1
54 1 20 [100] 160.0 20.0 0.4 0.903 0.427 3.174 0.05 [100] 2000 0.005 0.98 1 1
55 1 30 [50] 160.0 5.0 0.05 0.903 0.107 0.727 0.05 [50] 2000 0.005 0.98 1 1
56 1 30 [50] 160.0 5.0 0.2 0.871 0.105 0.719 0.05 [50] 2000 0.005 0.98 1 1
57 1 30 [50] 160.0 5.0 0.4 0.806 0.207 2.042 0.05 [50] 2000 0.005 0.98 1 1
58 1 30 [50] 160.0 15.0 0.05 0.935 0.135 0.689 0.05 [50] 2000 0.005 0.98 1 1
59 1 30 [50] 160.0 15.0 0.2 0.968 0.155 0.645 0.05 [50] 2000 0.005 0.98 1 1
60 1 30 [50] 160.0 15.0 0.4 0.806 0.294 2.561 0.05 [50] 2000 0.005 0.98 1 1
61 1 30 [50] 160.0 20.0 0.05 0.903 0.205 0.919 0.05 [50] 2000 0.005 0.98 1 1
62 1 30 [50] 160.0 20.0 0.2 0.935 0.158 0.752 0.05 [50] 2000 0.005 0.98 1 1
63 1 30 [50] 160.0 20.0 0.4 0.871 0.384 3.106 0.05 [50] 2000 0.005 0.98 1 1
64 1 30 [75] 160.0 5.0 0.05 0.903 0.139 0.701 0.05 [75] 2000 0.005 0.98 1 1
65 1 30 [75] 160.0 5.0 0.2 0.903 0.11 0.636 0.05 [75] 2000 0.005 0.98 1 1
66 1 30 [75] 160.0 5.0 0.4 0.839 0.183 1.544 0.05 [75] 2000 0.005 0.98 1 1
67 1 30 [75] 160.0 15.0 0.05 0.903 0.134 0.73 0.05 [75] 2000 0.005 0.98 1 1
68 1 30 [75] 160.0 15.0 0.2 1.0 0.187 0.659 0.05 [75] 2000 0.005 0.98 1 1
69 1 30 [75] 160.0 15.0 0.4 0.935 0.364 2.062 0.05 [75] 2000 0.005 0.98 1 1
70 1 30 [75] 160.0 20.0 0.05 0.935 0.135 0.736 0.05 [75] 2000 0.005 0.98 1 1
71 1 30 [75] 160.0 20.0 0.2 0.968 0.165 0.857 0.05 [75] 2000 0.005 0.98 1 1
72 1 30 [75] 160.0 20.0 0.4 0.839 0.333 2.183 0.05 [75] 2000 0.005 0.98 1 1
73 1 30 [100] 160.0 5.0 0.05 0.871 0.111 0.711 0.05 [100] 2000 0.005 0.98 1 1
74 1 30 [100] 160.0 5.0 0.2 0.839 0.116 0.752 0.05 [100] 2000 0.005 0.98 1 1
75 1 30 [100] 160.0 5.0 0.4 0.516 0.212 2.929 0.05 [100] 2000 0.005 0.98 1 1
76 1 30 [100] 160.0 15.0 0.05 0.935 0.137 0.547 0.05 [100] 2000 0.005 0.98 1 1
77 1 30 [100] 160.0 15.0 0.2 1.0 0.229 0.727 0.05 [100] 2000 0.005 0.98 1 1
78 1 30 [100] 160.0 15.0 0.4 0.806 0.42 3.272 0.05 [100] 2000 0.005 0.98 1 1
79 1 30 [100] 160.0 20.0 0.05 0.903 0.167 0.676 0.05 [100] 2000 0.005 0.98 1 1
80 1 30 [100] 160.0 20.0 0.2 0.968 0.304 1.544 0.05 [100] 2000 0.005 0.98 1 1
81 1 30 [100] 160.0 20.0 0.4 0.935 0.613 2.926 0.05 [100] 2000 0.005 0.98 1 1
82 2 10 [50] 160.0 5.0 0.05 0.935 0.099 0.313 0.05 [50] 2000 0.005 0.98 1 1
83 2 10 [50] 160.0 5.0 0.2 0.935 0.095 0.435 0.05 [50] 2000 0.005 0.98 1 1
84 2 10 [50] 160.0 5.0 0.4 0.903 0.214 0.915 0.05 [50] 2000 0.005 0.98 1 1
85 2 10 [50] 160.0 15.0 0.05 0.935 0.131 0.417 0.05 [50] 2000 0.005 0.98 1 1
86 2 10 [50] 160.0 15.0 0.2 0.935 0.149 0.522 0.05 [50] 2000 0.005 0.98 1 1
87 2 10 [50] 160.0 15.0 0.4 0.839 0.318 1.766 0.05 [50] 2000 0.005 0.98 1 1
88 2 10 [50] 160.0 20.0 0.05 0.903 0.134 0.418 0.05 [50] 2000 0.005 0.98 1 1
89 2 10 [50] 160.0 20.0 0.2 0.935 0.161 0.684 0.05 [50] 2000 0.005 0.98 1 1
90 2 10 [50] 160.0 20.0 0.4 0.871 0.348 2.241 0.05 [50] 2000 0.005 0.98 1 1
91 2 10 [75] 160.0 5.0 0.05 0.968 0.096 0.344 0.05 [75] 2000 0.005 0.98 1 1
92 2 10 [75] 160.0 5.0 0.2 0.806 0.101 0.517 0.05 [75] 2000 0.005 0.98 1 1
93 2 10 [75] 160.0 5.0 0.4 0.871 0.305 1.23 0.05 [75] 2000 0.005 0.98 1 1
94 2 10 [75] 160.0 15.0 0.05 0.968 0.134 0.533 0.05 [75] 2000 0.005 0.98 1 1
95 2 10 [75] 160.0 15.0 0.2 0.968 0.126 0.463 0.05 [75] 2000 0.005 0.98 1 1
96 2 10 [75] 160.0 15.0 0.4 0.935 0.405 2.402 0.05 [75] 2000 0.005 0.98 1 1
97 2 10 [75] 160.0 20.0 0.05 1.0 0.225 0.517 0.05 [75] 2000 0.005 0.98 1 1
98 2 10 [75] 160.0 20.0 0.2 1.0 0.141 0.455 0.05 [75] 2000 0.005 0.98 1 1
99 2 10 [75] 160.0 20.0 0.4 0.935 0.408 2.186 0.05 [75] 2000 0.005 0.98 1 1
100 2 10 [100] 160.0 5.0 0.05 0.871 0.099 0.749 0.05 [100] 2000 0.005 0.98 1 1
101 2 10 [100] 160.0 5.0 0.2 0.968 0.095 0.424 0.05 [100] 2000 0.005 0.98 1 1
102 2 10 [100] 160.0 5.0 0.4 0.806 0.255 1.675 0.05 [100] 2000 0.005 0.98 1 1
103 2 10 [100] 160.0 15.0 0.05 0.935 0.162 0.363 0.05 [100] 2000 0.005 0.98 1 1
104 2 10 [100] 160.0 15.0 0.2 0.935 0.146 0.415 0.05 [100] 2000 0.005 0.98 1 1
105 2 10 [100] 160.0 15.0 0.4 0.935 0.378 1.381 0.05 [100] 2000 0.005 0.98 1 1
106 2 10 [100] 160.0 20.0 0.05 0.968 0.318 0.635 0.05 [100] 2000 0.005 0.98 1 1
107 2 10 [100] 160.0 20.0 0.2 0.903 0.155 0.553 0.05 [100] 2000 0.005 0.98 1 1
108 2 10 [100] 160.0 20.0 0.4 0.935 0.537 1.832 0.05 [100] 2000 0.005 0.98 1 1
109 2 20 [50] 160.0 5.0 0.05 0.935 0.097 0.363 0.05 [50] 2000 0.005 0.98 1 1
110 2 20 [50] 160.0 5.0 0.2 0.839 0.137 0.64 0.05 [50] 2000 0.005 0.98 1 1
111 2 20 [50] 160.0 5.0 0.4 0.742 0.176 1.484 0.05 [50] 2000 0.005 0.98 1 1
112 2 20 [50] 160.0 15.0 0.05 0.968 0.132 0.358 0.05 [50] 2000 0.005 0.98 1 1
113 2 20 [50] 160.0 15.0 0.2 0.935 0.134 0.46 0.05 [50] 2000 0.005 0.98 1 1
114 2 20 [50] 160.0 15.0 0.4 0.645 0.181 1.889 0.05 [50] 2000 0.005 0.98 1 1
115 2 20 [50] 160.0 20.0 0.05 0.935 0.131 0.778 0.05 [50] 2000 0.005 0.98 1 1
116 2 20 [50] 160.0 20.0 0.2 0.871 0.141 0.646 0.05 [50] 2000 0.005 0.98 1 1
117 2 20 [50] 160.0 20.0 0.4 0.839 0.365 1.877 0.05 [50] 2000 0.005 0.98 1 1
118 2 20 [75] 160.0 5.0 0.05 0.903 0.09 0.48 0.05 [75] 2000 0.005 0.98 1 1
119 2 20 [75] 160.0 5.0 0.2 0.774 0.073 0.49 0.05 [75] 2000 0.005 0.98 1 1
120 2 20 [75] 160.0 5.0 0.4 0.839 0.177 1.145 0.05 [75] 2000 0.005 0.98 1 1
121 2 20 [75] 160.0 15.0 0.05 0.968 0.145 0.593 0.05 [75] 2000 0.005 0.98 1 1
122 2 20 [75] 160.0 15.0 0.2 0.935 0.149 0.461 0.05 [75] 2000 0.005 0.98 1 1
123 2 20 [75] 160.0 15.0 0.4 1.0 0.3 0.851 0.05 [75] 2000 0.005 0.98 1 1
124 2 20 [75] 160.0 20.0 0.05 0.871 0.121 0.456 0.05 [75] 2000 0.005 0.98 1 1
125 2 20 [75] 160.0 20.0 0.2 0.935 0.18 0.662 0.05 [75] 2000 0.005 0.98 1 1
126 2 20 [75] 160.0 20.0 0.4 0.968 0.392 1.359 0.05 [75] 2000 0.005 0.98 1 1
127 2 20 [100] 160.0 5.0 0.05 0.871 0.093 0.476 0.05 [100] 2000 0.005 0.98 1 1
128 2 20 [100] 160.0 5.0 0.2 0.903 0.076 0.304 0.05 [100] 2000 0.005 0.98 1 1
129 2 20 [100] 160.0 5.0 0.4 0.677 0.16 2.231 0.05 [100] 2000 0.005 0.98 1 1
130 2 20 [100] 160.0 15.0 0.05 1.0 0.202 0.505 0.05 [100] 2000 0.005 0.98 1 1
131 2 20 [100] 160.0 15.0 0.2 0.935 0.121 0.425 0.05 [100] 2000 0.005 0.98 1 1
132 2 20 [100] 160.0 15.0 0.4 0.645 0.233 2.865 0.05 [100] 2000 0.005 0.98 1 1
133 2 20 [100] 160.0 20.0 0.05 1.0 0.219 0.43 0.05 [100] 2000 0.005 0.98 1 1
134 2 20 [100] 160.0 20.0 0.2 1.0 0.232 0.985 0.05 [100] 2000 0.005 0.98 1 1
135 2 20 [100] 160.0 20.0 0.4 0.742 0.227 2.409 0.05 [100] 2000 0.005 0.98 1 1
136 2 30 [50] 160.0 5.0 0.05 0.839 0.102 0.756 0.05 [50] 2000 0.005 0.98 1 1
137 2 30 [50] 160.0 5.0 0.2 0.871 0.087 0.532 0.05 [50] 2000 0.005 0.98 1 1
138 2 30 [50] 160.0 5.0 0.4 0.839 0.201 1.385 0.05 [50] 2000 0.005 0.98 1 1
139 2 30 [50] 160.0 15.0 0.05 1.0 0.126 0.466 0.05 [50] 2000 0.005 0.98 1 1
140 2 30 [50] 160.0 15.0 0.2 0.839 0.107 0.533 0.05 [50] 2000 0.005 0.98 1 1
141 2 30 [50] 160.0 15.0 0.4 0.903 0.352 2.542 0.05 [50] 2000 0.005 0.98 1 1
142 2 30 [50] 160.0 20.0 0.05 1.0 0.132 0.343 0.05 [50] 2000 0.005 0.98 1 1
143 2 30 [50] 160.0 20.0 0.2 0.871 0.149 0.665 0.05 [50] 2000 0.005 0.98 1 1
144 2 30 [50] 160.0 20.0 0.4 0.935 0.363 1.913 0.05 [50] 2000 0.005 0.98 1 1
145 2 30 [75] 160.0 5.0 0.05 0.871 0.102 0.904 0.05 [75] 2000 0.005 0.98 1 1
146 2 30 [75] 160.0 5.0 0.2 0.903 0.101 0.626 0.05 [75] 2000 0.005 0.98 1 1
147 2 30 [75] 160.0 5.0 0.4 0.71 0.181 1.076 0.05 [75] 2000 0.005 0.98 1 1
148 2 30 [75] 160.0 15.0 0.05 1.0 0.19 0.455 0.05 [75] 2000 0.005 0.98 1 1
149 2 30 [75] 160.0 15.0 0.2 0.871 0.096 0.543 0.05 [75] 2000 0.005 0.98 1 1
150 2 30 [75] 160.0 15.0 0.4 0.871 0.293 1.024 0.05 [75] 2000 0.005 0.98 1 1
151 2 30 [75] 160.0 20.0 0.05 1.0 0.207 0.593 0.05 [75] 2000 0.005 0.98 1 1
152 2 30 [75] 160.0 20.0 0.2 0.968 0.13 0.546 0.05 [75] 2000 0.005 0.98 1 1
153 2 30 [75] 160.0 20.0 0.4 0.935 0.383 1.756 0.05 [75] 2000 0.005 0.98 1 1
154 2 30 [100] 160.0 5.0 0.05 0.871 0.075 0.636 0.05 [100] 2000 0.005 0.98 1 1
155 2 30 [100] 160.0 5.0 0.2 0.839 0.097 0.415 0.05 [100] 2000 0.005 0.98 1 1
156 2 30 [100] 160.0 5.0 0.4 0.903 0.196 2.123 0.05 [100] 2000 0.005 0.98 1 1
157 2 30 [100] 160.0 15.0 0.05 0.871 0.115 0.706 0.05 [100] 2000 0.005 0.98 1 1
158 2 30 [100] 160.0 15.0 0.2 0.968 0.164 0.631 0.05 [100] 2000 0.005 0.98 1 1
159 2 30 [100] 160.0 15.0 0.4 0.774 0.33 2.6 0.05 [100] 2000 0.005 0.98 1 1
160 2 30 [100] 160.0 20.0 0.05 0.968 0.153 0.375 0.05 [100] 2000 0.005 0.98 1 1
161 2 30 [100] 160.0 20.0 0.2 0.935 0.153 0.587 0.05 [100] 2000 0.005 0.98 1 1
162 2 30 [100] 160.0 20.0 0.4 0.839 0.35 2.797 0.05 [100] 2000 0.005 0.98 1 1
163 3 10 [50] 160.0 5.0 0.05 0.903 0.106 0.873 0.05 [50] 2000 0.005 0.98 1 1
164 3 10 [50] 160.0 5.0 0.2 0.806 0.102 0.873 0.05 [50] 2000 0.005 0.98 1 1
165 3 10 [50] 160.0 5.0 0.4 0.71 0.163 1.737 0.05 [50] 2000 0.005 0.98 1 1
166 3 10 [50] 160.0 15.0 0.05 0.903 0.147 1.083 0.05 [50] 2000 0.005 0.98 1 1
167 3 10 [50] 160.0 15.0 0.2 0.871 0.154 1.157 0.05 [50] 2000 0.005 0.98 1 1
168 3 10 [50] 160.0 15.0 0.4 0.774 0.284 2.471 0.05 [50] 2000 0.005 0.98 1 1
169 3 10 [50] 160.0 20.0 0.05 0.903 0.164 1.265 0.05 [50] 2000 0.005 0.98 1 1
170 3 10 [50] 160.0 20.0 0.2 0.839 0.145 1.433 0.05 [50] 2000 0.005 0.98 1 1
171 3 10 [50] 160.0 20.0 0.4 0.871 0.379 2.579 0.05 [50] 2000 0.005 0.98 1 1
172 3 10 [75] 160.0 5.0 0.05 0.903 0.155 0.833 0.05 [75] 2000 0.005 0.98 1 1
173 3 10 [75] 160.0 5.0 0.2 0.806 0.091 0.953 0.05 [75] 2000 0.005 0.98 1 1
174 3 10 [75] 160.0 5.0 0.4 0.903 0.272 2.445 0.05 [75] 2000 0.005 0.98 1 1
175 3 10 [75] 160.0 15.0 0.05 0.774 0.167 1.243 0.05 [75] 2000 0.005 0.98 1 1
176 3 10 [75] 160.0 15.0 0.2 0.871 0.167 1.135 0.05 [75] 2000 0.005 0.98 1 1
177 3 10 [75] 160.0 15.0 0.4 0.839 0.355 3.078 0.05 [75] 2000 0.005 0.98 1 1
178 3 10 [75] 160.0 20.0 0.05 0.871 0.179 1.249 0.05 [75] 2000 0.005 0.98 1 1
179 3 10 [75] 160.0 20.0 0.2 0.774 0.202 1.653 0.05 [75] 2000 0.005 0.98 1 1
180 3 10 [75] 160.0 20.0 0.4 0.871 0.492 3.702 0.05 [75] 2000 0.005 0.98 1 1
181 3 10 [100] 160.0 5.0 0.05 0.839 0.088 0.81 0.05 [100] 2000 0.005 0.98 1 1
182 3 10 [100] 160.0 5.0 0.2 0.871 0.073 0.603 0.05 [100] 2000 0.005 0.98 1 1
183 3 10 [100] 160.0 5.0 0.4 0.903 0.338 1.748 0.05 [100] 2000 0.005 0.98 1 1
184 3 10 [100] 160.0 15.0 0.05 0.935 0.201 1.224 0.05 [100] 2000 0.005 0.98 1 1
185 3 10 [100] 160.0 15.0 0.2 0.871 0.182 1.133 0.05 [100] 2000 0.005 0.98 1 1
186 3 10 [100] 160.0 15.0 0.4 0.839 0.59 3.604 0.05 [100] 2000 0.005 0.98 1 1
187 3 10 [100] 160.0 20.0 0.05 0.935 0.229 1.306 0.05 [100] 2000 0.005 0.98 1 1
188 3 10 [100] 160.0 20.0 0.2 0.935 0.257 1.196 0.05 [100] 2000 0.005 0.98 1 1
189 3 10 [100] 160.0 20.0 0.4 0.839 0.619 4.152 0.05 [100] 2000 0.005 0.98 1 1
190 3 20 [50] 160.0 5.0 0.05 0.871 0.118 1.251 0.05 [50] 2000 0.005 0.98 1 1
191 3 20 [50] 160.0 5.0 0.2 0.71 0.113 1.269 0.05 [50] 2000 0.005 0.98 1 1
192 3 20 [50] 160.0 5.0 0.4 0.742 0.145 1.507 0.05 [50] 2000 0.005 0.98 1 1
193 3 20 [50] 160.0 15.0 0.05 0.806 0.128 1.385 0.05 [50] 2000 0.005 0.98 1 1
194 3 20 [50] 160.0 15.0 0.2 0.806 0.125 1.187 0.05 [50] 2000 0.005 0.98 1 1
195 3 20 [50] 160.0 15.0 0.4 0.774 0.248 2.371 0.05 [50] 2000 0.005 0.98 1 1
196 3 20 [50] 160.0 20.0 0.05 0.839 0.135 1.14 0.05 [50] 2000 0.005 0.98 1 1
197 3 20 [50] 160.0 20.0 0.2 0.806 0.186 1.224 0.05 [50] 2000 0.005 0.98 1 1
198 3 20 [50] 160.0 20.0 0.4 0.871 0.349 2.568 0.05 [50] 2000 0.005 0.98 1 1
199 3 20 [75] 160.0 5.0 0.05 0.839 0.094 0.954 0.05 [75] 2000 0.005 0.98 1 1
200 3 20 [75] 160.0 5.0 0.2 0.806 0.093 1.085 0.05 [75] 2000 0.005 0.98 1 1
201 3 20 [75] 160.0 5.0 0.4 0.677 0.151 1.676 0.05 [75] 2000 0.005 0.98 1 1
202 3 20 [75] 160.0 15.0 0.05 0.871 0.174 1.221 0.05 [75] 2000 0.005 0.98 1 1
203 3 20 [75] 160.0 15.0 0.2 0.871 0.178 1.328 0.05 [75] 2000 0.005 0.98 1 1
204 3 20 [75] 160.0 15.0 0.4 0.903 0.422 2.541 0.05 [75] 2000 0.005 0.98 1 1
205 3 20 [75] 160.0 20.0 0.05 0.903 0.134 1.209 0.05 [75] 2000 0.005 0.98 1 1
206 3 20 [75] 160.0 20.0 0.2 0.903 0.25 1.44 0.05 [75] 2000 0.005 0.98 1 1
207 3 20 [75] 160.0 20.0 0.4 0.806 0.26 2.115 0.05 [75] 2000 0.005 0.98 1 1
208 3 20 [100] 160.0 5.0 0.05 0.806 0.097 0.936 0.05 [100] 2000 0.005 0.98 1 1
209 3 20 [100] 160.0 5.0 0.2 0.806 0.083 0.908 0.05 [100] 2000 0.005 0.98 1 1
210 3 20 [100] 160.0 5.0 0.4 0.742 0.164 2.041 0.05 [100] 2000 0.005 0.98 1 1
211 3 20 [100] 160.0 15.0 0.05 0.935 0.206 1.217 0.05 [100] 2000 0.005 0.98 1 1
212 3 20 [100] 160.0 15.0 0.2 0.806 0.109 1.213 0.05 [100] 2000 0.005 0.98 1 1
213 3 20 [100] 160.0 15.0 0.4 0.839 0.387 2.928 0.05 [100] 2000 0.005 0.98 1 1
214 3 20 [100] 160.0 20.0 0.05 0.839 0.125 1.118 0.05 [100] 2000 0.005 0.98 1 1
215 3 20 [100] 160.0 20.0 0.2 0.968 0.251 1.244 0.05 [100] 2000 0.005 0.98 1 1
216 3 20 [100] 160.0 20.0 0.4 0.839 0.436 3.107 0.05 [100] 2000 0.005 0.98 1 1
217 3 30 [50] 160.0 5.0 0.05 0.839 0.112 0.839 0.05 [50] 2000 0.005 0.98 1 1
218 3 30 [50] 160.0 5.0 0.2 0.774 0.099 1.017 0.05 [50] 2000 0.005 0.98 1 1
219 3 30 [50] 160.0 5.0 0.4 0.742 0.172 2.727 0.05 [50] 2000 0.005 0.98 1 1
220 3 30 [50] 160.0 15.0 0.05 0.935 0.136 1.221 0.05 [50] 2000 0.005 0.98 1 1
221 3 30 [50] 160.0 15.0 0.2 0.839 0.139 1.145 0.05 [50] 2000 0.005 0.98 1 1
222 3 30 [50] 160.0 15.0 0.4 0.774 0.28 3.638 0.05 [50] 2000 0.005 0.98 1 1
223 3 30 [50] 160.0 20.0 0.05 0.839 0.157 1.472 0.05 [50] 2000 0.005 0.98 1 1
224 3 30 [50] 160.0 20.0 0.2 0.903 0.145 1.066 0.05 [50] 2000 0.005 0.98 1 1
225 3 30 [50] 160.0 20.0 0.4 0.774 0.313 4.012 0.05 [50] 2000 0.005 0.98 1 1
226 3 30 [75] 160.0 5.0 0.05 0.871 0.127 0.904 0.05 [75] 2000 0.005 0.98 1 1
227 3 30 [75] 160.0 5.0 0.2 0.839 0.102 0.8 0.05 [75] 2000 0.005 0.98 1 1
228 3 30 [75] 160.0 5.0 0.4 0.806 0.265 2.596 0.05 [75] 2000 0.005 0.98 1 1
229 3 30 [75] 160.0 15.0 0.05 0.774 0.116 1.133 0.05 [75] 2000 0.005 0.98 1 1
230 3 30 [75] 160.0 15.0 0.2 0.839 0.102 0.99 0.05 [75] 2000 0.005 0.98 1 1
231 3 30 [75] 160.0 15.0 0.4 0.742 0.187 1.741 0.05 [75] 2000 0.005 0.98 1 1
232 3 30 [75] 160.0 20.0 0.05 0.935 0.15 1.081 0.05 [75] 2000 0.005 0.98 1 1
233 3 30 [75] 160.0 20.0 0.2 0.839 0.149 1.156 0.05 [75] 2000 0.005 0.98 1 1
234 3 30 [75] 160.0 20.0 0.4 0.806 0.346 2.832 0.05 [75] 2000 0.005 0.98 1 1
235 3 30 [100] 160.0 5.0 0.05 0.839 0.084 0.803 0.05 [100] 2000 0.005 0.98 1 1
236 3 30 [100] 160.0 5.0 0.2 0.871 0.118 1.016 0.05 [100] 2000 0.005 0.98 1 1
237 3 30 [100] 160.0 5.0 0.4 0.806 0.363 4.419 0.05 [100] 2000 0.005 0.98 1 1
238 3 30 [100] 160.0 15.0 0.05 0.774 0.108 1.175 0.05 [100] 2000 0.005 0.98 1 1
239 3 30 [100] 160.0 15.0 0.2 0.806 0.114 1.261 0.05 [100] 2000 0.005 0.98 1 1
240 3 30 [100] 160.0 15.0 0.4 0.839 0.461 4.878 0.05 [100] 2000 0.005 0.98 1 1
241 3 30 [100] 160.0 20.0 0.05 0.935 0.209 1.573 0.05 [100] 2000 0.005 0.98 1 1
242 3 30 [100] 160.0 20.0 0.2 0.839 0.158 1.247 0.05 [100] 2000 0.005 0.98 1 1
243 3 30 [100] 160.0 20.0 0.4 0.839 0.458 4.765 0.05 [100] 2000 0.005 0.98 1 1
