EXP split_seed random_seed PICP_test MPIW_test RMSE R2 qd_loss NLL alpha loss data h_size bstraps ensemb soft lambda_in
1 1 10 0.923 2.85 19.423 0.237 5.447 59923.919 0.05 qd_soft ~MSD [100] 1 1  160.0 15.0
2 1 20 0.923 2.895 19.253 0.25 5.388 245.636 0.05 qd_soft ~MSD [100] 1 1  160.0 15.0
3 1 30 0.922 2.871 19.164 0.257 5.612 8857.745 0.05 qd_soft ~MSD [100] 1 1  160.0 15.0
4 1 40 0.921 3.006 19.402 0.238 6.003 7974.037 0.05 qd_soft ~MSD [100] 1 1  160.0 15.0
5 1 50 0.925 2.898 19.483 0.232 5.137 107.581 0.05 qd_soft ~MSD [100] 1 1  160.0 15.0
6 2 10 0.923 2.935 19.478 0.221 5.436 2331.952 0.05 qd_soft ~MSD [100] 1 1  160.0 15.0
7 2 20 0.924 2.879 19.012 0.258 5.305 4072.03 0.05 qd_soft ~MSD [100] 1 1  160.0 15.0
8 2 30 0.923 2.811 18.927 0.265 5.257 83.299 0.05 qd_soft ~MSD [100] 1 1  160.0 15.0
9 2 40 0.925 2.824 18.64 0.287 5.054 520.158 0.05 qd_soft ~MSD [100] 1 1  160.0 15.0
10 2 50 0.921 2.788 18.696 0.282 5.633 185.875 0.05 qd_soft ~MSD [100] 1 1  160.0 15.0
11 3 10 0.924 2.862 18.004 0.304 5.145 22.306 0.05 qd_soft ~MSD [100] 1 1  160.0 15.0
12 3 20 0.923 2.992 18.905 0.233 5.498 28.965 0.05 qd_soft ~MSD [100] 1 1  160.0 15.0
13 3 30 0.92 2.98 19.285 0.202 6.053 3659.258 0.05 qd_soft ~MSD [100] 1 1  160.0 15.0
14 3 40 0.925 2.952 18.636 0.255 5.05 81.163 0.05 qd_soft ~MSD [100] 1 1  160.0 15.0
15 3 50 0.928 2.813 18.43 0.271 4.511 636.877 0.05 qd_soft ~MSD [100] 1 1  160.0 15.0
16 4 10 0.921 2.891 19.193 0.235 5.704 40.354 0.05 qd_soft ~MSD [100] 1 1  160.0 15.0
17 4 20 0.923 2.997 19.081 0.244 5.533 192.116 0.05 qd_soft ~MSD [100] 1 1  160.0 15.0
18 4 30 0.923 2.834 19.027 0.248 5.363 43290.514 0.05 qd_soft ~MSD [100] 1 1  160.0 15.0
19 4 40 0.925 2.777 18.493 0.29 4.99 28.636 0.05 qd_soft ~MSD [100] 1 1  160.0 15.0
20 4 50 0.921 2.703 18.667 0.276 5.536 406.403 0.05 qd_soft ~MSD [100] 1 1  160.0 15.0
21 5 10 0.922 2.83 19.613 0.24 5.479 704.997 0.05 qd_soft ~MSD [100] 1 1  160.0 15.0
22 5 20 0.92 2.841 19.77 0.228 5.989 6952.152 0.05 qd_soft ~MSD [100] 1 1  160.0 15.0
23 5 30 0.921 2.838 19.282 0.265 5.698 32.023 0.05 qd_soft ~MSD [100] 1 1  160.0 15.0
24 5 40 failed 1times!
24 5 40 0.877 26.614 227.349 -101.111 46.863 7.0 0.05 qd_soft ~MSD [100] 1 1  160.0 15.0
25 5 50 0.922 2.843 19.847 0.222 5.623 289.416 0.05 qd_soft ~MSD [100] 1 1  160.0 15.0
