-7.000000476837158203e+00 -3.189884948730468750e+02 1.352393341064453125e+02 -1.411153411865234375e+02
-6.971943855285644531e+00 -3.164418640136718750e+02 1.334782867431640625e+02 -1.403573913574218750e+02
-6.943887710571289062e+00 -3.138950500488281250e+02 1.317171020507812500e+02 -1.395994415283203125e+02
-6.915831565856933594e+00 -3.113484191894531250e+02 1.299580383300781250e+02 -1.388415222167968750e+02
-6.887775421142578125e+00 -3.087911376953125000e+02 1.281993560791015625e+02 -1.380835723876953125e+02
-6.859719753265380859e+00 -3.062335510253906250e+02 1.264406661987304688e+02 -1.373256378173828125e+02
-6.831663131713867188e+00 -3.036760559082031250e+02 1.246819915771484375e+02 -1.365676727294921875e+02
-6.803606986999511719e+00 -3.011186218261718750e+02 1.229231567382812500e+02 -1.358097534179687500e+02
-6.775551319122314453e+00 -2.985610351562500000e+02 1.211644515991210938e+02 -1.350518188476562500e+02
-6.747495174407958984e+00 -2.959987487792968750e+02 1.194106674194335938e+02 -1.342889709472656250e+02
-6.719439029693603516e+00 -2.934354553222656250e+02 1.176575393676757812e+02 -1.335253448486328125e+02
-6.691382884979248047e+00 -2.908722229003906250e+02 1.159045104980468750e+02 -1.327617340087890625e+02
-6.663326740264892578e+00 -2.883091735839843750e+02 1.141514968872070312e+02 -1.319981079101562500e+02
-6.635270595550537109e+00 -2.857459106445312500e+02 1.123984603881835938e+02 -1.312345275878906250e+02
-6.607214450836181641e+00 -2.831828002929687500e+02 1.106454391479492188e+02 -1.304709014892578125e+02
-6.579158306121826172e+00 -2.806196289062500000e+02 1.088922042846679688e+02 -1.297072906494140625e+02
-6.551102161407470703e+00 -2.780563964843750000e+02 1.071392974853515625e+02 -1.289436798095703125e+02
-6.523046016693115234e+00 -2.754908447265625000e+02 1.053886337280273438e+02 -1.281775817871093750e+02
-6.494989871978759766e+00 -2.729207763671875000e+02 1.036424255371093750e+02 -1.274071655273437500e+02
-6.466933727264404297e+00 -2.703509521484375000e+02 1.018962097167968750e+02 -1.266367340087890625e+02
-6.438877582550048828e+00 -2.677807312011718750e+02 1.001500244140625000e+02 -1.258662872314453125e+02
-6.410821437835693359e+00 -2.652107849121093750e+02 9.840368652343750000e+01 -1.250958709716796875e+02
-6.382765293121337891e+00 -2.626408996582031250e+02 9.665760040283203125e+01 -1.243254470825195312e+02
-6.354709148406982422e+00 -2.600708618164062500e+02 9.491126251220703125e+01 -1.235550308227539062e+02
-6.326653480529785156e+00 -2.575008850097656250e+02 9.316505432128906250e+01 -1.227846069335937500e+02
-6.298597335815429688e+00 -2.549309387207031250e+02 9.141491699218750000e+01 -1.220141830444335938e+02
-6.270541191101074219e+00 -2.523608856201171875e+02 8.966138458251953125e+01 -1.212437591552734375e+02
-6.242485046386718750e+00 -2.497919921875000000e+02 8.790686798095703125e+01 -1.204743041992187500e+02
-6.214428901672363281e+00 -2.472218627929687500e+02 8.615344238281250000e+01 -1.197037353515625000e+02
-6.186372756958007812e+00 -2.446480865478515625e+02 8.440363311767578125e+01 -1.189295730590820312e+02
-6.158316612243652344e+00 -2.420744171142578125e+02 8.265366363525390625e+01 -1.181554412841796875e+02
-6.130260467529296875e+00 -2.395006103515625000e+02 8.090383911132812500e+01 -1.173813018798828125e+02
-6.102204322814941406e+00 -2.369269409179687500e+02 7.915399932861328125e+01 -1.166071548461914062e+02
-6.074148178100585938e+00 -2.343532409667968750e+02 7.740404510498046875e+01 -1.158330078125000000e+02
-6.046092033386230469e+00 -2.317739410400390625e+02 7.565974426269531250e+01 -1.150533447265625000e+02
-6.018035888671875000e+00 -2.291944274902343750e+02 7.391585540771484375e+01 -1.142732467651367188e+02
-5.989979743957519531e+00 -2.266149749755859375e+02 7.217167663574218750e+01 -1.134934463500976562e+02
-5.961923599243164062e+00 -2.240357513427734375e+02 7.042737579345703125e+01 -1.127136535644531250e+02
-5.933867454528808594e+00 -2.214564056396484375e+02 6.868306732177734375e+01 -1.119338684082031250e+02
-5.905811309814453125e+00 -2.189493865966796875e+02 6.693889617919921875e+01 -1.111540527343750000e+02
-5.877755641937255859e+00 -2.165014801025390625e+02 6.519471740722656250e+01 -1.103742675781250000e+02
-5.849699497222900391e+00 -2.140534515380859375e+02 6.345052337646484375e+01 -1.095944747924804688e+02
-5.821643352508544922e+00 -2.116055450439453125e+02 6.170633316040039062e+01 -1.088146896362304688e+02
-5.793587207794189453e+00 -2.091575927734375000e+02 5.996216964721679688e+01 -1.080348739624023438e+02
-5.765531063079833984e+00 -2.067095489501953125e+02 5.821786499023437500e+01 -1.072550811767578125e+02
-5.737474918365478516e+00 -2.042615509033203125e+02 5.647368621826171875e+01 -1.064752807617187500e+02
-5.709418773651123047e+00 -2.018135223388671875e+02 5.472949600219726562e+01 -1.056954956054687500e+02
-5.681362628936767578e+00 -1.993655853271484375e+02 5.298519515991210938e+01 -1.049157028198242188e+02
-5.653306484222412109e+00 -1.969176635742187500e+02 5.124102783203125000e+01 -1.041358871459960938e+02
-5.625250339508056641e+00 -1.944696350097656250e+02 4.949684906005859375e+01 -1.033560867309570312e+02
-5.597194194793701172e+00 -1.920215911865234375e+02 4.775267028808593750e+01 -1.025763015747070312e+02
-5.569138050079345703e+00 -1.895736846923828125e+02 4.600848007202148438e+01 -1.017965087890625000e+02
-5.541081905364990234e+00 -1.871257629394531250e+02 4.426417922973632812e+01 -1.010167083740234375e+02
-5.513025760650634766e+00 -1.846777038574218750e+02 4.251990127563476562e+01 -1.002368927001953125e+02
-5.484969615936279297e+00 -1.822296752929687500e+02 4.077572250366210938e+01 -9.945709228515625000e+01
-5.456913471221923828e+00 -1.798829345703125000e+02 3.903154373168945312e+01 -9.867729949951171875e+01
-5.428857803344726562e+00 -1.775386962890625000e+02 3.728734207153320312e+01 -9.789752197265625000e+01
-5.400801181793212891e+00 -1.751944580078125000e+02 3.554316329956054688e+01 -9.711772155761718750e+01
-5.372745513916015625e+00 -1.728502807617187500e+02 3.379898452758789062e+01 -9.633792114257812500e+01
-5.344689369201660156e+00 -1.705060729980468750e+02 3.209577941894531250e+01 -9.555813598632812500e+01
-5.316633224487304688e+00 -1.681617736816406250e+02 3.050013542175292969e+01 -9.477832794189453125e+01
-5.288577079772949219e+00 -1.658434906005859375e+02 2.892579078674316406e+01 -9.399854278564453125e+01
-5.260520458221435547e+00 -1.635269622802734375e+02 2.735110664367675781e+01 -9.321873474121093750e+01
-5.232464790344238281e+00 -1.612103881835937500e+02 2.577664566040039062e+01 -9.243894195556640625e+01
-5.204408645629882812e+00 -1.588938751220703125e+02 2.420042228698730469e+01 -9.165914154052734375e+01
-5.176352500915527344e+00 -1.565773620605468750e+02 2.262110328674316406e+01 -9.087934875488281250e+01
-5.148296356201171875e+00 -1.542608489990234375e+02 2.104203224182128906e+01 -9.009955596923828125e+01
-5.120240211486816406e+00 -1.519442749023437500e+02 1.946272659301757812e+01 -8.931974792480468750e+01
-5.092184066772460938e+00 -1.496242675781250000e+02 1.788708686828613281e+01 -8.853639221191406250e+01
-5.064127922058105469e+00 -1.473033752441406250e+02 1.631221389770507812e+01 -8.775228118896484375e+01
-5.036071777343750000e+00 -1.450507354736328125e+02 1.473721504211425781e+01 -8.696817779541015625e+01
-5.008015632629394531e+00 -1.429007720947265625e+02 1.316043090820312500e+01 -8.618407440185546875e+01
-4.979959964752197266e+00 -1.407508239746093750e+02 1.158354759216308594e+01 -8.539995574951171875e+01
-4.951903820037841797e+00 -1.386008300781250000e+02 1.000675582885742188e+01 -8.461586761474609375e+01
-4.923847675323486328e+00 -1.364509277343750000e+02 8.429859161376953125e+00 -8.383175659179687500e+01
-4.895791530609130859e+00 -1.343009185791015625e+02 7.005461692810058594e+00 -8.304764556884765625e+01
-4.867734909057617188e+00 -1.321494445800781250e+02 5.620918750762939453e+00 -8.226353454589843750e+01
-4.839679241180419922e+00 -1.299974060058593750e+02 4.236313819885253906e+00 -8.147942352294921875e+01
-4.811623096466064453e+00 -1.278353118896484375e+02 2.861797571182250977e+00 -8.068528747558593750e+01
-4.783566951751708984e+00 -1.256701507568359375e+02 1.494935512542724609e+00 -7.988811492919921875e+01
-4.755511760711669922e+00 -1.235799255371093750e+02 2.429599761962890625e-01 -7.909094238281250000e+01
-4.727455139160156250e+00 -1.215145034790039062e+02 -9.930725097656250000e-01 -7.829375457763671875e+01
-4.699398994445800781e+00 -1.194490966796875000e+02 -2.228987693786621094e+00 -7.749657440185546875e+01
-4.671342849731445312e+00 -1.173837432861328125e+02 -3.464970588684082031e+00 -7.669940185546875000e+01
-4.643286705017089844e+00 -1.153183288574218750e+02 -4.700947284698486328e+00 -7.590221405029296875e+01
-4.615230560302734375e+00 -1.132529754638671875e+02 -5.936869144439697266e+00 -7.510504150390625000e+01
-4.587174415588378906e+00 -1.111875686645507812e+02 -7.172846317291259766e+00 -7.430786132812500000e+01
-4.559118270874023438e+00 -1.091632690429687500e+02 -8.408847808837890625e+00 -7.351064300537109375e+01
-4.531062126159667969e+00 -1.071839141845703125e+02 -9.644018173217773438e+00 -7.271276855468750000e+01
-4.503005981445312500e+00 -1.052045516967773438e+02 -1.077098083496093750e+01 -7.191489410400390625e+01
-4.474949836730957031e+00 -1.032251892089843750e+02 -1.186040115356445312e+01 -7.111701965332031250e+01
-4.446893692016601562e+00 -1.012451019287109375e+02 -1.295110702514648438e+01 -7.031829833984375000e+01
-4.418837547302246094e+00 -9.926420593261718750e+01 -1.404142761230468750e+01 -6.951894378662109375e+01
-4.390781402587890625e+00 -9.728343200683593750e+01 -1.513144493103027344e+01 -6.871959686279296875e+01
-4.362725257873535156e+00 -9.530258941650390625e+01 -1.622098159790039062e+01 -6.792023468017578125e+01
-4.334669113159179688e+00 -9.332176971435546875e+01 -1.731048202514648438e+01 -6.712089538574218750e+01
-4.306612968444824219e+00 -9.139331817626953125e+01 -1.839990997314453125e+01 -6.632154846191406250e+01
-4.278556823730468750e+00 -8.949456787109375000e+01 -1.948945617675781250e+01 -6.552219390869140625e+01
-4.250500679016113281e+00 -8.759575653076171875e+01 -2.056804847717285156e+01 -6.472284698486328125e+01
-4.222444534301757812e+00 -8.569690704345703125e+01 -2.153157615661621094e+01 -6.392349624633789062e+01
-4.194388389587402344e+00 -8.379820251464843750e+01 -2.249510192871093750e+01 -6.312414932250976562e+01
-4.166332244873046875e+00 -8.189939117431640625e+01 -2.328356552124023438e+01 -6.232479476928710938e+01
-4.138276100158691406e+00 -8.003034973144531250e+01 -2.404645538330078125e+01 -6.152544784545898438e+01
-4.110219955444335938e+00 -7.828533935546875000e+01 -2.480673408508300781e+01 -6.072361373901367188e+01
-4.082164287567138672e+00 -7.666775512695312500e+01 -2.555506515502929688e+01 -5.990970230102539062e+01
-4.054108142852783203e+00 -7.511179351806640625e+01 -2.629326248168945312e+01 -5.908578109741210938e+01
-4.026051998138427734e+00 -7.354516601562500000e+01 -2.702091407775878906e+01 -5.825125503540039062e+01
-3.997995853424072266e+00 -7.197850036621093750e+01 -2.774276733398437500e+01 -5.741673660278320312e+01
-3.969939947128295898e+00 -7.041155242919921875e+01 -2.838159751892089844e+01 -5.656907653808593750e+01
-3.941883802413940430e+00 -6.883889770507812500e+01 -2.897858238220214844e+01 -5.571130752563476562e+01
-3.913827657699584961e+00 -6.725033569335937500e+01 -2.929221916198730469e+01 -5.483757400512695312e+01
-3.885771512985229492e+00 -6.566166687011718750e+01 -2.954171943664550781e+01 -5.396384048461914062e+01
-3.857715368270874023e+00 -6.407305145263671875e+01 -2.977274513244628906e+01 -5.309010314941406250e+01
-3.829659223556518555e+00 -6.253470993041992188e+01 -2.992091178894042969e+01 -5.221636199951171875e+01
-3.801603078842163086e+00 -6.102743911743164062e+01 -2.999352073669433594e+01 -5.134262847900390625e+01
-3.773546934127807617e+00 -5.951637649536132812e+01 -3.006606101989746094e+01 -5.046888732910156250e+01
-3.745491027832031250e+00 -5.801042175292968750e+01 -3.013867759704589844e+01 -4.959515762329101562e+01
-3.717434644699096680e+00 -5.669885253906250000e+01 -3.021111106872558594e+01 -4.872142410278320312e+01
-3.689378738403320312e+00 -5.538732528686523438e+01 -3.028354072570800781e+01 -4.784769058227539062e+01
-3.661322593688964844e+00 -5.407580566406250000e+01 -3.035585594177246094e+01 -4.697395324707031250e+01
-3.633266448974609375e+00 -5.276427078247070312e+01 -3.042815589904785156e+01 -4.610021209716796875e+01
-3.605210304260253906e+00 -5.145275115966796875e+01 -3.051225852966308594e+01 -4.522647857666015625e+01
-3.577154159545898438e+00 -5.014117050170898438e+01 -3.060487556457519531e+01 -4.435273361206054688e+01
-3.549098014831542969e+00 -4.882970428466796875e+01 -3.069750022888183594e+01 -4.347900390625000000e+01
-3.521041870117187500e+00 -4.751817703247070312e+01 -3.079006767272949219e+01 -4.260526657104492188e+01
-3.492985963821411133e+00 -4.620960998535156250e+01 -3.088558769226074219e+01 -4.173448562622070312e+01
-3.464929819107055664e+00 -4.490270996093750000e+01 -3.098293876647949219e+01 -4.086547851562500000e+01
-3.436873674392700195e+00 -4.359593963623046875e+01 -3.108021354675292969e+01 -3.999639511108398438e+01
-3.408817529678344727e+00 -4.228897476196289062e+01 -3.117749977111816406e+01 -3.912731933593750000e+01
-3.380761384963989258e+00 -4.098215103149414062e+01 -3.127471351623535156e+01 -3.825823211669921875e+01
-3.352705240249633789e+00 -3.967523574829101562e+01 -3.137199974060058594e+01 -3.738915634155273438e+01
-3.324649095535278320e+00 -3.836842727661132812e+01 -3.146045875549316406e+01 -3.652008056640625000e+01
-3.296593189239501953e+00 -3.705904006958007812e+01 -3.154696464538574219e+01 -3.565100479125976562e+01
-3.268537044525146484e+00 -3.574887847900390625e+01 -3.163353157043457031e+01 -3.478193283081054688e+01
-3.240480899810791016e+00 -3.444607543945312500e+01 -3.173166847229003906e+01 -3.392028045654296875e+01
-3.212424755096435547e+00 -3.314522552490234375e+01 -3.184945106506347656e+01 -3.306057357788085938e+01
-3.184368371963500977e+00 -3.255735397338867188e+01 -3.196722984313964844e+01 -3.220085906982421875e+01
-3.156312465667724609e+00 -3.213883972167968750e+01 -3.059733009338378906e+01 -3.134114265441894531e+01
-3.128256320953369141e+00 -3.172017097473144531e+01 -2.876012992858886719e+01 -3.048143196105957031e+01
-3.100200176239013672e+00 -3.130164909362792969e+01 -2.692291641235351562e+01 -2.962171363830566406e+01
-3.072144269943237305e+00 -3.088298988342285156e+01 -2.508578491210937500e+01 -2.876201438903808594e+01
-3.044088125228881836e+00 -3.046447944641113281e+01 -2.324857902526855469e+01 -2.790230369567871094e+01
-3.016031980514526367e+00 -2.999947166442871094e+01 -2.141143417358398438e+01 -2.704259109497070312e+01
-2.987975597381591797e+00 -2.943646812438964844e+01 -1.957422065734863281e+01 -2.618287086486816406e+01
-2.959919929504394531e+00 -2.887344169616699219e+01 -1.773708534240722656e+01 -2.532317161560058594e+01
-2.931864023208618164e+00 -2.831040191650390625e+01 -1.591012954711914062e+01 -2.446346282958984375e+01
-2.903807640075683594e+00 -2.775011253356933594e+01 -1.408686637878417969e+01 -2.360655975341796875e+01
-2.875751495361328125e+00 -2.720171546936035156e+01 -1.228306961059570312e+01 -2.276154327392578125e+01
-2.847695589065551758e+00 -2.665336799621582031e+01 -1.048146629333496094e+01 -2.191652679443359375e+01
-2.819639444351196289e+00 -2.610502243041992188e+01 -8.678442001342773438e+00 -2.107151412963867188e+01
-2.791583299636840820e+00 -2.553940582275390625e+01 -6.965248584747314453e+00 -2.022649192810058594e+01
-2.763527154922485352e+00 -2.493433189392089844e+01 -5.644219875335693359e+00 -1.938147926330566406e+01
-2.735470771789550781e+00 -2.428642272949218750e+01 -4.323657512664794922e+00 -1.853645706176757812e+01
-2.707414627075195312e+00 -2.366594505310058594e+01 -3.205475807189941406e+00 -1.771875953674316406e+01
-2.679358482360839844e+00 -2.308353042602539062e+01 -2.272666454315185547e+00 -1.693198776245117188e+01
-2.651302099227905273e+00 -2.253634834289550781e+01 -1.354743003845214844e+00 -1.615998458862304688e+01
-2.623246431350708008e+00 -2.199287414550781250e+01 -4.404063224792480469e-01 -1.539168548583984375e+01
-2.595190525054931641e+00 -2.148639869689941406e+01 4.369335174560546875e-01 -1.466038322448730469e+01
-2.567134141921997070e+00 -2.102159690856933594e+01 1.272425174713134766e+00 -1.397081184387207031e+01
-2.539077997207641602e+00 -2.058952713012695312e+01 2.075355529785156250e+00 -1.331391716003417969e+01
-2.511022090911865234e+00 -2.023204994201660156e+01 2.822160243988037109e+00 -1.271309280395507812e+01
-2.482965946197509766e+00 -1.990394020080566406e+01 3.554451227188110352e+00 -1.212677955627441406e+01
-2.454909801483154297e+00 -1.961300849914550781e+01 4.263670444488525391e+00 -1.157544326782226562e+01
-2.426853656768798828e+00 -1.935347175598144531e+01 4.972937583923339844e+00 -1.102642631530761719e+01
-2.398797750473022461e+00 -1.906958007812500000e+01 5.688365936279296875e+00 -1.047740745544433594e+01
-2.370741605758666992e+00 -1.870276832580566406e+01 6.328929901123046875e+00 -9.934734344482421875e+00
-2.342685699462890625e+00 -1.838553428649902344e+01 6.852646350860595703e+00 -9.430147171020507812e+00
-2.314629316329956055e+00 -1.806712341308593750e+01 7.376597404479980469e+00 -8.924434661865234375e+00
-2.286572933197021484e+00 -1.765988159179687500e+01 7.898130893707275391e+00 -8.421260833740234375e+00
-2.258516788482666016e+00 -1.726005363464355469e+01 8.411924362182617188e+00 -7.925708293914794922e+00
-2.230460643768310547e+00 -1.686021995544433594e+01 8.925838470458984375e+00 -7.430150508880615234e+00
-2.202404499053955078e+00 -1.647278022766113281e+01 9.437060356140136719e+00 -6.937227725982666016e+00
-2.174348592758178711e+00 -1.617027854919433594e+01 9.879983901977539062e+00 -6.512604236602783203e+00
-2.146292448043823242e+00 -1.587684059143066406e+01 1.031378364562988281e+01 -6.097043514251708984e+00
-2.118236303329467773e+00 -1.556072998046875000e+01 1.074770069122314453e+01 -5.681484699249267578e+00
-2.090180158615112305e+00 -1.518620872497558594e+01 1.118150138854980469e+01 -5.265924930572509766e+00
-2.062124252319335938e+00 -1.479957008361816406e+01 1.154340171813964844e+01 -4.850369930267333984e+00
-2.034068107604980469e+00 -1.437473297119140625e+01 1.186095809936523438e+01 -4.440016269683837891e+00
-2.006011962890625000e+00 -1.396684455871582031e+01 1.216133880615234375e+01 -4.046717643737792969e+00
-1.977955937385559082e+00 -1.359325218200683594e+01 1.245541954040527344e+01 -3.665462970733642578e+00
-1.949899792671203613e+00 -1.327733802795410156e+01 1.274885368347167969e+01 -3.292555332183837891e+00
-1.921843647956848145e+00 -1.306346321105957031e+01 1.296417808532714844e+01 -2.997756958007812500e+00
-1.893787503242492676e+00 -1.285265159606933594e+01 1.317864608764648438e+01 -2.703816413879394531e+00
-1.865731477737426758e+00 -1.264178466796875000e+01 1.339299583435058594e+01 -2.409874439239501953e+00
-1.837675094604492188e+00 -1.243096733093261719e+01 1.366431808471679688e+01 -2.115929126739501953e+00
-1.809618949890136719e+00 -1.222015380859375000e+01 1.398112106323242188e+01 -1.821985721588134766e+00
-1.781562924385070801e+00 -1.200928688049316406e+01 1.429792213439941406e+01 -1.528044223785400391e+00
-1.753506898880004883e+00 -1.179847526550292969e+01 1.461472129821777344e+01 -1.234104633331298828e+00
-1.725450634956359863e+00 -1.158283233642578125e+01 1.493152236938476562e+01 -9.401612281799316406e-01
-1.697394490242004395e+00 -1.132048416137695312e+01 1.524844360351562500e+01 -6.462192535400390625e-01
-1.669338464736938477e+00 -1.109884071350097656e+01 1.555532836914062500e+01 -3.620734214782714844e-01
-1.641282320022583008e+00 -1.093806838989257812e+01 1.583741760253906250e+01 -1.029024124145507812e-01
-1.613226413726806641e+00 -1.080611991882324219e+01 1.609068679809570312e+01 1.274478435516357422e-01
-1.585170269012451172e+00 -1.060043716430664062e+01 1.628200912475585938e+01 3.213748931884765625e-01
-1.557114243507385254e+00 -1.038782691955566406e+01 1.642352485656738281e+01 4.964098930358886719e-01
-1.529057979583740234e+00 -1.014939880371093750e+01 1.656507492065429688e+01 6.715993881225585938e-01
-1.501001954078674316e+00 -9.876918792724609375e+00 1.670456695556640625e+01 8.470952510833740234e-01
-1.472945809364318848e+00 -9.631519317626953125e+00 1.682664871215820312e+01 1.022593736648559570e+00
-1.444889783859252930e+00 -9.386222839355468750e+00 1.698342895507812500e+01 1.198090553283691406e+00
-1.416833639144897461e+00 -9.154079437255859375e+00 1.712030601501464844e+01 1.349415302276611328e+00
-1.388777256011962891e+00 -8.843770980834960938e+00 1.723354911804199219e+01 1.476988792419433594e+00
-1.360721111297607422e+00 -8.532714843750000000e+00 1.734747123718261719e+01 1.605361819267272949e+00
-1.332665085792541504e+00 -8.291278839111328125e+00 1.744337081909179688e+01 1.715650200843811035e+00
-1.304608941078186035e+00 -8.061706542968750000e+00 1.753182411193847656e+01 1.818378448486328125e+00
-1.276552796363830566e+00 -7.754672527313232422e+00 1.758652687072753906e+01 1.921107292175292969e+00
-1.248496651649475098e+00 -7.448101520538330078e+00 1.763556098937988281e+01 2.023322582244873047e+00
-1.220440506935119629e+00 -7.177010059356689453e+00 1.763953971862792969e+01 2.125428199768066406e+00
-1.192384481430053711e+00 -6.963537693023681641e+00 1.756316566467285156e+01 2.231631278991699219e+00
-1.164328694343566895e+00 -6.801112651824951172e+00 1.749501800537109375e+01 2.293295383453369141e+00
-1.136272430419921875e+00 -6.719438076019287109e+00 1.743783378601074219e+01 2.344898700714111328e+00
-1.108216404914855957e+00 -6.623802661895751953e+00 1.738556480407714844e+01 2.396503210067749023e+00
-1.080160260200500488e+00 -6.510011196136474609e+00 1.738351440429687500e+01 2.448106288909912109e+00
-1.052104115486145020e+00 -6.394291400909423828e+00 1.741087150573730469e+01 2.501637935638427734e+00
-1.024047970771789551e+00 -6.311213016510009766e+00 1.745543289184570312e+01 2.551233768463134766e+00
-9.959918856620788574e-01 -6.245075702667236328e+00 1.757336616516113281e+01 2.600472450256347656e+00
-9.679358005523681641e-01 -6.178849697113037109e+00 1.774397277832031250e+01 2.649852752685546875e+00
-9.398794174194335938e-01 -6.112619876861572266e+00 1.794081306457519531e+01 2.699235677719116211e+00
-9.118232727050781250e-01 -6.059544086456298828e+00 1.813090515136718750e+01 2.724812507629394531e+00
-8.837671875953674316e-01 -6.065608501434326172e+00 1.830592918395996094e+01 2.736327886581420898e+00
-8.557111024856567383e-01 -6.088099956512451172e+00 1.848965644836425781e+01 2.747843742370605469e+00
-8.276548981666564941e-01 -6.128643512725830078e+00 1.867303276062011719e+01 2.759360551834106445e+00
-7.995988726615905762e-01 -6.177064418792724609e+00 1.883865356445312500e+01 2.773023366928100586e+00
-7.715427279472351074e-01 -6.207397937774658203e+00 1.901747512817382812e+01 2.805036067962646484e+00
-7.434866428375244141e-01 -6.229038715362548828e+00 1.917450141906738281e+01 2.845636367797851562e+00
-7.154307365417480469e-01 -6.249326229095458984e+00 1.931192016601562500e+01 2.887590408325195312e+00
-6.873746514320373535e-01 -6.286684513092041016e+00 1.939548301696777344e+01 2.908379793167114258e+00
-6.593185067176818848e-01 -6.332703113555908203e+00 1.946496772766113281e+01 2.917045354843139648e+00
-6.312624216079711914e-01 -6.378774166107177734e+00 1.954155921936035156e+01 2.925710916519165039e+00
-6.032062768936157227e-01 -6.423741817474365234e+00 1.961844825744628906e+01 2.934377431869506836e+00
-5.751501917839050293e-01 -6.460787296295166016e+00 1.969515800476074219e+01 2.943042278289794922e+00
-5.470940470695495605e-01 -6.497830867767333984e+00 1.977091979980468750e+01 2.951708793640136719e+00
-5.190379619598388672e-01 -6.523644924163818359e+00 1.983898544311523438e+01 2.960374355316162109e+00
-4.909815788269042969e-01 -6.540276050567626953e+00 1.990589332580566406e+01 2.967883586883544922e+00
-4.629254639148712158e-01 -6.545482158660888672e+00 1.997205543518066406e+01 2.974591255187988281e+00
-4.348693788051605225e-01 -6.547461986541748047e+00 2.003149032592773438e+01 2.982738971710205078e+00
-4.068132340908050537e-01 -6.543520450592041016e+00 2.006893920898437500e+01 2.995077610015869141e+00
-3.787571191787719727e-01 -6.521505832672119141e+00 2.009548377990722656e+01 3.018246650695800781e+00
-3.507010340690612793e-01 -6.499280452728271484e+00 2.008223342895507812e+01 3.041417121887207031e+00
-3.226448893547058105e-01 -6.477159023284912109e+00 2.006892204284667969e+01 3.064587831497192383e+00
-2.945887744426727295e-01 -6.436267375946044922e+00 2.005417442321777344e+01 3.086377143859863281e+00
-2.665328979492187500e-01 -6.387012004852294922e+00 2.003126144409179688e+01 3.105036497116088867e+00
-2.384767830371856689e-01 -6.339094638824462891e+00 2.000881958007812500e+01 3.123932361602783203e+00
-2.104206830263137817e-01 -6.283909320831298828e+00 1.998774528503417969e+01 3.143955945968627930e+00
-1.823645532131195068e-01 -6.236780643463134766e+00 1.996781730651855469e+01 3.164477348327636719e+00
-1.543084383010864258e-01 -6.189931392669677734e+00 1.994792175292968750e+01 3.185086250305175781e+00
-1.262523382902145386e-01 -6.141006946563720703e+00 1.993025779724121094e+01 3.207928657531738281e+00
-9.819622337818145752e-02 -6.088623523712158203e+00 1.991300392150878906e+01 3.231184720993041992e+00
-7.014010846614837646e-02 -6.018100261688232422e+00 1.991333198547363281e+01 3.271900653839111328e+00
-4.208374023437500000e-02 -5.940212726593017578e+00 1.991179275512695312e+01 3.319926500320434570e+00
-1.402762718498706818e-02 -5.861602306365966797e+00 1.988616752624511719e+01 3.364005088806152344e+00
1.402848586440086365e-02 -5.782544612884521484e+00 1.986474418640136719e+01 3.392682075500488281e+00
4.208459705114364624e-02 -5.709982395172119141e+00 1.985562324523925781e+01 3.421580791473388672e+00
7.014071196317672729e-02 -5.703544139862060547e+00 1.984685897827148438e+01 3.450481176376342773e+00
9.819682687520980835e-02 -5.691362857818603516e+00 1.983811187744140625e+01 3.493730068206787109e+00
1.262529343366622925e-01 -5.657220363616943359e+00 1.982700920104980469e+01 3.545400381088256836e+00
1.543090492486953735e-01 -5.606861591339111328e+00 1.981578826904296875e+01 3.597071409225463867e+00
1.823644638061523438e-01 -5.556452274322509766e+00 1.980995368957519531e+01 3.648741006851196289e+00
2.104205787181854248e-01 -5.522490978240966797e+00 1.977823448181152344e+01 3.675826549530029297e+00
2.384766936302185059e-01 -5.489193439483642578e+00 1.973018646240234375e+01 3.692330360412597656e+00
2.665328085422515869e-01 -5.464332103729248047e+00 1.962665367126464844e+01 3.706171989440917969e+00
2.945889234542846680e-01 -5.485489368438720703e+00 1.950357627868652344e+01 3.706688165664672852e+00
3.226449787616729736e-01 -5.514890193939208984e+00 1.937249946594238281e+01 3.698909282684326172e+00
3.507011532783508301e-01 -5.553086757659912109e+00 1.923256301879882812e+01 3.682387590408325195e+00
3.787572383880615234e-01 -5.591280460357666016e+00 1.909268760681152344e+01 3.665867328643798828e+00
4.068136215209960938e-01 -5.637707233428955078e+00 1.895139503479003906e+01 3.647989988327026367e+00
4.348697364330291748e-01 -5.685518741607666016e+00 1.881120872497558594e+01 3.628674983978271484e+00
4.629258513450622559e-01 -5.709672451019287109e+00 1.870369911193847656e+01 3.619530200958251953e+00
4.909819960594177246e-01 -5.724611759185791016e+00 1.862858772277832031e+01 3.619390726089477539e+00
5.190380811691284180e-01 -5.716400623321533203e+00 1.855370140075683594e+01 3.612014770507812500e+00
5.470941662788391113e-01 -5.680841922760009766e+00 1.849516487121582031e+01 3.604173421859741211e+00
5.751503109931945801e-01 -5.645927906036376953e+00 1.843570899963378906e+01 3.595528364181518555e+00
6.032063961029052734e-01 -5.613534450531005859e+00 1.837816047668457031e+01 3.584467887878417969e+00
6.312623023986816406e-01 -5.575629711151123047e+00 1.832103157043457031e+01 3.578919887542724609e+00
6.593183875083923340e-01 -5.536938190460205078e+00 1.830629920959472656e+01 3.596461296081542969e+00
6.873745322227478027e-01 -5.499719142913818359e+00 1.831181526184082031e+01 3.614001512527465820e+00
7.154305577278137207e-01 -5.440925121307373047e+00 1.829767608642578125e+01 3.631545305252075195e+00
7.434867620468139648e-01 -5.385809421539306641e+00 1.827986335754394531e+01 3.649086236953735352e+00
7.715428471565246582e-01 -5.373503208160400391e+00 1.826999282836914062e+01 3.674512147903442383e+00
7.995989322662353516e-01 -5.334396839141845703e+00 1.830035591125488281e+01 3.732825994491577148e+00
8.276550769805908203e-01 -5.317868709564208984e+00 1.835495185852050781e+01 3.793699741363525391e+00
8.557114601135253906e-01 -5.310482501983642578e+00 1.843486785888671875e+01 3.853303909301757812e+00
8.837675452232360840e-01 -5.291359424591064453e+00 1.856033706665039062e+01 3.924644231796264648e+00
9.118236899375915527e-01 -5.266315937042236328e+00 1.870552444458007812e+01 4.001905441284179688e+00
9.398797750473022461e-01 -5.241222858428955078e+00 1.885929489135742188e+01 4.079163551330566406e+00
9.679359197616577148e-01 -5.216266155242919922e+00 1.902476119995117188e+01 4.156390190124511719e+00
9.959920048713684082e-01 -5.192354679107666016e+00 1.917829704284667969e+01 4.232466697692871094e+00
1.024048089981079102e+00 -5.168493747711181641e+00 1.931815719604492188e+01 4.308544635772705078e+00
1.052104234695434570e+00 -5.144634723663330078e+00 1.945067024230957031e+01 4.384621143341064453e+00
1.080160140991210938e+00 -5.110620021820068359e+00 1.958499717712402344e+01 4.462509632110595703e+00
1.108216285705566406e+00 -5.058630466461181641e+00 1.973020935058593750e+01 4.551288127899169922e+00
1.136272311210632324e+00 -4.963171482086181641e+00 1.991895484924316406e+01 4.683535575866699219e+00
1.164328455924987793e+00 -4.854448795318603516e+00 2.012824058532714844e+01 4.829098701477050781e+00
1.192384600639343262e+00 -4.745676517486572266e+00 2.034563255310058594e+01 4.974658966064453125e+00
1.220440745353698730e+00 -4.638317584991455078e+00 2.054426193237304688e+01 5.120223999023437500e+00
1.248496770858764648e+00 -4.529648303985595703e+00 2.075052452087402344e+01 5.265786170959472656e+00
1.276552915573120117e+00 -4.310559272766113281e+00 2.095685005187988281e+01 5.411351203918457031e+00
1.304608821868896484e+00 -4.073684215545654297e+00 2.116305160522460938e+01 5.556911468505859375e+00
1.332664966583251953e+00 -3.836860656738281250e+00 2.136842346191406250e+01 5.702471733093261719e+00
1.360720992088317871e+00 -3.601263046264648438e+00 2.156522750854492188e+01 5.846807003021240234e+00
1.388777136802673340e+00 -3.363575458526611328e+00 2.175259590148925781e+01 5.993074417114257812e+00
1.416833281517028809e+00 -3.104821681976318359e+00 2.201090431213378906e+01 6.164449214935302734e+00
1.444889426231384277e+00 -2.839458942413330078e+00 2.224564933776855469e+01 6.344532012939453125e+00
1.472945451736450195e+00 -2.523037910461425781e+00 2.251688575744628906e+01 6.527234077453613281e+00
1.501001596450805664e+00 -2.153367996215820312e+00 2.280891418457031250e+01 6.738781929016113281e+00
1.529057979583740234e+00 -1.846647739410400391e+00 2.310664176940917969e+01 6.963370800018310547e+00
1.557114124298095703e+00 -1.567232131958007812e+00 2.342010498046875000e+01 7.199018478393554688e+00
1.585170149803161621e+00 -1.317993640899658203e+00 2.376430320739746094e+01 7.434664726257324219e+00
1.613226294517517090e+00 -1.067860603332519531e+00 2.415469360351562500e+01 7.670312881469726562e+00
1.641282439231872559e+00 -7.826719284057617188e-01 2.464563941955566406e+01 7.905960559844970703e+00
1.669338464736938477e+00 -4.974305629730224609e-01 2.513658905029296875e+01 8.141609191894531250e+00
1.697394490242004395e+00 -2.121877670288085938e-01 2.547812461853027344e+01 8.377258300781250000e+00
1.725450754165649414e+00 6.082439422607421875e-02 2.577452850341796875e+01 8.612904548645019531e+00
1.753506660461425781e+00 2.640414237976074219e-01 2.607117843627929688e+01 8.848553657531738281e+00
1.781562805175781250e+00 4.402816295623779297e-01 2.635325431823730469e+01 9.084201812744140625e+00
1.809618830680847168e+00 5.847163200378417969e-01 2.664669799804687500e+01 9.319847106933593750e+00
1.837674975395202637e+00 6.646924018859863281e-01 2.702388191223144531e+01 9.580248832702636719e+00
1.865731120109558105e+00 7.592570781707763672e-01 2.741591835021972656e+01 9.855501174926757812e+00
1.893787384033203125e+00 8.538806438446044922e-01 2.780796051025390625e+01 1.013076019287109375e+01
1.921843409538269043e+00 9.458415508270263672e-01 2.821469306945800781e+01 1.040335750579833984e+01
1.949899435043334961e+00 9.806735515594482422e-01 2.864366149902343750e+01 1.067545223236083984e+01
1.977955818176269531e+00 9.693541526794433594e-01 2.912863540649414062e+01 1.095161724090576172e+01
2.006011962890625000e+00 9.584674835205078125e-01 2.969131088256835938e+01 1.124128341674804688e+01
2.034068107604980469e+00 1.002725601196289062e+00 3.031338500976562500e+01 1.158614730834960938e+01
2.062124252319335938e+00 1.101806879043579102e+00 3.092372512817382812e+01 1.194474220275878906e+01
2.090180158615112305e+00 1.191582441329956055e+00 3.150892066955566406e+01 1.230667877197265625e+01
2.118236303329467773e+00 1.392404556274414062e+00 3.204903411865234375e+01 1.272870445251464844e+01
2.146292448043823242e+00 1.694126725196838379e+00 3.253910827636718750e+01 1.315926361083984375e+01
2.174348592758178711e+00 2.045385360717773438e+00 3.311902618408203125e+01 1.359344100952148438e+01
2.202404499053955078e+00 2.397215366363525391e+00 3.359796142578125000e+01 1.402813720703125000e+01
2.230460643768310547e+00 2.752458333969116211e+00 3.407793807983398438e+01 1.446624565124511719e+01
2.258516788482666016e+00 3.109077692031860352e+00 3.455922698974609375e+01 1.490578269958496094e+01
2.286572933197021484e+00 3.465040922164916992e+00 3.504455184936523438e+01 1.534455871582031250e+01
2.314628839492797852e+00 3.820893764495849609e+00 3.553182220458984375e+01 1.578333091735839844e+01
2.342685222625732422e+00 4.176806926727294922e+00 3.601916503906250000e+01 1.622210884094238281e+01
2.370741128921508789e+00 4.594115257263183594e+00 3.650661468505859375e+01 1.666088104248046875e+01
2.398797273635864258e+00 5.026854038238525391e+00 3.699394989013671875e+01 1.709965705871582031e+01
2.426853656768798828e+00 5.512999057769775391e+00 3.752524566650390625e+01 1.758238983154296875e+01
2.454909801483154297e+00 5.976210594177246094e+00 3.807160186767578125e+01 1.808018684387207031e+01
2.482965707778930664e+00 6.420860290527343750e+00 3.864147186279296875e+01 1.860297775268554688e+01
2.511022090911865234e+00 6.905740261077880859e+00 3.925885391235351562e+01 1.917434501647949219e+01
2.539077997207641602e+00 7.424222946166992188e+00 3.990972137451171875e+01 1.977931594848632812e+01
2.567134141921997070e+00 7.943896770477294922e+00 4.056184005737304688e+01 2.038547515869140625e+01
2.595190286636352539e+00 8.511399269104003906e+00 4.126195144653320312e+01 2.103951835632324219e+01
2.623246431350708008e+00 9.083417892456054688e+00 4.195420074462890625e+01 2.170458412170410156e+01
2.651302337646484375e+00 9.659223556518554688e+00 4.262985992431640625e+01 2.237621879577636719e+01
2.679358720779418945e+00 1.024068737030029297e+01 4.318309020996093750e+01 2.305345726013183594e+01
2.707414627075195312e+00 1.083514022827148438e+01 4.368659591674804688e+01 2.374368476867675781e+01
2.735470771789550781e+00 1.143377876281738281e+01 4.419423675537109375e+01 2.443804740905761719e+01
2.763526678085327148e+00 1.206424713134765625e+01 4.473382186889648438e+01 2.516429138183593750e+01
2.791582822799682617e+00 1.267482948303222656e+01 4.534085083007812500e+01 2.591363143920898438e+01
2.819638967514038086e+00 1.334948158264160156e+01 4.601901245117187500e+01 2.671958923339843750e+01
2.847695112228393555e+00 1.406304168701171875e+01 4.671503448486328125e+01 2.754340934753417969e+01
2.875751495361328125e+00 1.478221130371093750e+01 4.734536743164062500e+01 2.837053108215332031e+01
2.903807640075683594e+00 1.567143440246582031e+01 4.793781280517578125e+01 2.920826911926269531e+01
2.931863784790039062e+00 1.656069946289062500e+01 4.852551651000976562e+01 3.004599952697753906e+01
2.959919929504394531e+00 1.744992637634277344e+01 4.911317443847656250e+01 3.088374328613281250e+01
2.987975835800170898e+00 1.834029197692871094e+01 4.970191192626953125e+01 3.172257232666015625e+01
3.016032218933105469e+00 1.923542404174804688e+01 5.029558563232421875e+01 3.256627655029296875e+01
3.044088125228881836e+00 2.024276733398437500e+01 5.088927078247070312e+01 3.340998458862304688e+01
3.072144269943237305e+00 2.129201889038085938e+01 5.148345184326171875e+01 3.425419616699218750e+01
3.100200176239013672e+00 2.234105682373046875e+01 5.207751083374023438e+01 3.509840393066406250e+01
3.128256320953369141e+00 2.352245140075683594e+01 5.258594512939453125e+01 3.594261550903320312e+01
3.156312465667724609e+00 2.472689628601074219e+01 5.285850906372070312e+01 3.678683853149414062e+01
3.184368610382080078e+00 2.594224357604980469e+01 5.312312698364257812e+01 3.763104629516601562e+01
3.212424516677856445e+00 2.715653228759765625e+01 5.338337707519531250e+01 3.847094345092773438e+01
3.240480661392211914e+00 2.846103858947753906e+01 5.364320755004882812e+01 3.931042480468750000e+01
3.268536567687988281e+00 3.004295539855957031e+01 5.390303802490234375e+01 4.014990997314453125e+01
3.296592950820922852e+00 3.161592292785644531e+01 5.416337585449218750e+01 4.098983764648437500e+01
3.324649095535278320e+00 3.318774795532226562e+01 5.442492675781250000e+01 4.183103942871093750e+01
3.352705240249633789e+00 3.476010894775390625e+01 5.468648529052734375e+01 4.267224502563476562e+01
3.380761384963989258e+00 3.633609008789062500e+01 5.495172500610351562e+01 4.351708221435546875e+01
3.408817768096923828e+00 3.791407394409179688e+01 5.522026443481445312e+01 4.436402130126953125e+01
3.436873435974121094e+00 3.949205398559570312e+01 5.547137451171875000e+01 4.521094894409179688e+01
3.464929342269897461e+00 4.107007980346679688e+01 5.503084945678710938e+01 4.605788040161132812e+01
3.492985725402832031e+00 4.264677429199218750e+01 5.459014892578125000e+01 4.690462875366210938e+01
3.521041870117187500e+00 4.422335815429687500e+01 5.414950561523437500e+01 4.775132369995117188e+01
3.549098014831542969e+00 4.579999923706054688e+01 5.370874786376953125e+01 4.859802246093750000e+01
3.577154159545898438e+00 4.737658309936523438e+01 5.326804733276367188e+01 4.944471359252929688e+01
3.605210542678833008e+00 4.895322418212890625e+01 5.282729339599609375e+01 5.029141235351562500e+01
3.633266448974609375e+00 5.052980804443359375e+01 5.238658905029296875e+01 5.113809967041015625e+01
3.661322116851806641e+00 5.186313247680664062e+01 5.202375411987304688e+01 5.198478317260742188e+01
3.689378499984741211e+00 5.197994232177734375e+01 5.415778350830078125e+01 5.283148193359375000e+01
3.717434644699096680e+00 5.209673309326171875e+01 5.629180526733398438e+01 5.367816543579101562e+01
3.745490789413452148e+00 5.221349716186523438e+01 5.842602157592773438e+01 5.452487182617187500e+01
3.773546934127807617e+00 5.232626342773437500e+01 6.055601501464843750e+01 5.536753082275390625e+01
3.801602840423583984e+00 5.242822265625000000e+01 6.267536926269531250e+01 5.619943237304687500e+01
3.829659223556518555e+00 5.253019332885742188e+01 6.479467773437500000e+01 5.703134536743164062e+01
3.857715368270874023e+00 5.263220977783203125e+01 6.691403961181640625e+01 5.786325454711914062e+01
3.885771274566650391e+00 5.273416519165039062e+01 6.903340148925781250e+01 5.869515609741210938e+01
3.913827419281005859e+00 5.283550262451171875e+01 7.115207672119140625e+01 5.952637863159179688e+01
3.941883563995361328e+00 5.290837097167968750e+01 7.326811218261718750e+01 6.034294128417968750e+01
3.969939708709716797e+00 5.234450149536132812e+01 7.563346862792968750e+01 6.115950393676757812e+01
3.997995615005493164e+00 5.160772323608398438e+01 7.799700164794921875e+01 6.197429656982421875e+01
4.026051998138427734e+00 5.086130905151367188e+01 8.035115814208984375e+01 6.277966308593750000e+01
4.054108142852783203e+00 5.011499404907226562e+01 8.270530700683593750e+01 6.358502197265625000e+01
4.082164287567138672e+00 4.936872863769531250e+01 8.505940246582031250e+01 6.439038085937500000e+01
4.110220432281494141e+00 4.862235641479492188e+01 8.746874237060546875e+01 6.519573211669921875e+01
4.138276576995849609e+00 4.787603378295898438e+01 8.989324188232421875e+01 6.600108337402343750e+01
4.166332721710205078e+00 4.712977600097656250e+01 9.231763458251953125e+01 6.680644989013671875e+01
4.194388866424560547e+00 4.638340759277343750e+01 9.474208068847656250e+01 6.761180877685546875e+01
4.222444534301757812e+00 4.563713073730468750e+01 9.716657257080078125e+01 6.841716003417968750e+01
4.250500679016113281e+00 4.489074325561523438e+01 9.959088897705078125e+01 6.922249603271484375e+01
4.278556823730468750e+00 4.413330841064453125e+01 1.020153350830078125e+02 7.002786254882812500e+01
4.306612968444824219e+00 4.336935806274414062e+01 1.044399032592773438e+02 7.083322143554687500e+01
4.334669113159179688e+00 4.260546875000000000e+01 1.068642425537109375e+02 7.163858795166015625e+01
4.362725257873535156e+00 4.184146118164062500e+01 1.093867568969726562e+02 7.244393920898437500e+01
4.390781402587890625e+00 4.106449127197265625e+01 1.119709854125976562e+02 7.323627471923828125e+01
4.418837547302246094e+00 4.027722167968750000e+01 1.145447845458984375e+02 7.401837158203125000e+01
4.446893692016601562e+00 3.949001693725585938e+01 1.171187820434570312e+02 7.480046844482421875e+01
4.474949836730957031e+00 3.870286560058593750e+01 1.196927795410156250e+02 7.558258056640625000e+01
4.503005981445312500e+00 3.791566085815429688e+01 1.222593765258789062e+02 7.636467742919921875e+01
4.531062126159667969e+00 3.712844467163085938e+01 1.248238830566406250e+02 7.714677429199218750e+01
4.559118270874023438e+00 3.634119033813476562e+01 1.273882293701171875e+02 7.792887878417968750e+01
4.587174415588378906e+00 3.555391311645507812e+01 1.299525756835937500e+02 7.871085357666015625e+01
4.615230560302734375e+00 3.476349258422851562e+01 1.325138092041015625e+02 7.948979187011718750e+01
4.643286705017089844e+00 3.397312545776367188e+01 1.352184295654296875e+02 8.026873016357421875e+01
4.671342849731445312e+00 3.318280792236328125e+01 1.379483184814453125e+02 8.104766845703125000e+01
4.699398994445800781e+00 3.239244461059570312e+01 1.406782836914062500e+02 8.182661437988281250e+01
4.727455139160156250e+00 3.160207557678222656e+01 1.434081726074218750e+02 8.260555267333984375e+01
4.755511283874511719e+00 3.081170654296875000e+01 1.461380767822265625e+02 8.338449096679687500e+01
4.783567905426025391e+00 3.003452491760253906e+01 1.488679962158203125e+02 8.416344451904296875e+01
4.811623573303222656e+00 2.925921630859375000e+01 1.515980072021484375e+02 8.494238281250000000e+01
4.839679718017578125e+00 2.848327255249023438e+01 1.543278350830078125e+02 8.572131347656250000e+01
4.867735862731933594e+00 2.770623207092285156e+01 1.570578002929687500e+02 8.650025177001953125e+01
4.895792007446289062e+00 2.692929649353027344e+01 1.597876892089843750e+02 8.727919769287109375e+01
4.923847675323486328e+00 2.615221214294433594e+01 1.625204010009765625e+02 8.805813598632812500e+01
4.951903820037841797e+00 2.537527656555175781e+01 1.652604217529296875e+02 8.883707427978515625e+01
4.979959964752197266e+00 2.459823608398437500e+01 1.680000152587890625e+02 8.961601257324218750e+01
5.008016109466552734e+00 2.382124328613281250e+01 1.707353668212890625e+02 9.039495086669921875e+01
5.036072731018066406e+00 2.304422760009765625e+01 1.734707183837890625e+02 9.117390441894531250e+01
5.064128398895263672e+00 2.220609664916992188e+01 1.762060089111328125e+02 9.195284271240234375e+01
5.092184543609619141e+00 2.132851028442382812e+01 1.789414215087890625e+02 9.273178100585937500e+01
5.120240211486816406e+00 2.045089912414550781e+01 1.816765747070312500e+02 9.351070404052734375e+01
5.148295879364013672e+00 1.957662773132324219e+01 1.844150848388671875e+02 9.429280090332031250e+01
5.176352500915527344e+00 1.870254707336425781e+01 1.871539306640625000e+02 9.507530212402343750e+01
5.204408645629882812e+00 1.782851028442382812e+01 1.898929595947265625e+02 9.585780334472656250e+01
5.232464790344238281e+00 1.695446777343750000e+01 1.926317291259765625e+02 9.664028930664062500e+01
5.260520935058593750e+00 1.608047485351562500e+01 1.953706207275390625e+02 9.742276763916015625e+01
5.288576602935791016e+00 1.520638275146484375e+01 1.981094055175781250e+02 9.820526123046875000e+01
5.316633224487304688e+00 1.433241271972656250e+01 2.008483123779296875e+02 9.898777008056640625e+01
5.344689369201660156e+00 1.345852470397949219e+01 2.035872039794921875e+02 9.977024841308593750e+01
5.372745513916015625e+00 1.258485794067382812e+01 2.063261260986328125e+02 1.005527420043945312e+02
5.400801658630371094e+00 1.171128273010253906e+01 2.090648803710937500e+02 1.013352279663085938e+02
5.428857326507568359e+00 1.083749866485595703e+01 2.118005981445312500e+02 1.021177139282226562e+02
5.456913948059082031e+00 9.963954925537109375e+00 2.145335693359375000e+02 1.029002304077148438e+02
5.484970092773437500e+00 9.084932327270507812e+00 2.172984161376953125e+02 1.036827163696289062e+02
5.513026237487792969e+00 8.199186325073242188e+00 2.201247100830078125e+02 1.044652023315429688e+02
5.541082382202148438e+00 7.313434600830078125e+00 2.229508972167968750e+02 1.052476882934570312e+02
5.569139003753662109e+00 6.427922725677490234e+00 2.257772521972656250e+02 1.060301971435546875e+02
5.597194671630859375e+00 5.535243988037109375e+00 2.286036529541015625e+02 1.068126754760742188e+02
5.625250816345214844e+00 4.636950492858886719e+00 2.314885864257812500e+02 1.075945816040039062e+02
5.653306961059570312e+00 3.732999563217163086e+00 2.344018859863281250e+02 1.083762893676757812e+02
5.681363105773925781e+00 2.828413963317871094e+00 2.373150634765625000e+02 1.091579895019531250e+02
5.709419727325439453e+00 1.923840522766113281e+00 2.402284545898437500e+02 1.099397048950195312e+02
5.737475395202636719e+00 1.019254922866821289e+00 2.431454010009765625e+02 1.107214050292968750e+02
5.765531539916992188e+00 1.146941184997558594e-01 2.460625152587890625e+02 1.115031280517578125e+02
5.793587207794189453e+00 -7.897930145263671875e-01 2.489795837402343750e+02 1.122848129272460938e+02
5.821642875671386719e+00 -1.694378376007080078e+00 2.518965301513671875e+02 1.130665130615234375e+02
5.849699497222900391e+00 -2.598840713500976562e+00 2.548136138916015625e+02 1.138482360839843750e+02
5.877755641937255859e+00 -3.503303050994873047e+00 2.577307128906250000e+02 1.146299514770507812e+02
5.905811786651611328e+00 -4.407999992370605469e+00 2.606477661132812500e+02 1.154116516113281250e+02
5.933867931365966797e+00 -5.312375545501708984e+00 2.635647277832031250e+02 1.161933517456054688e+02
5.961923599243164062e+00 -6.216948986053466797e+00 2.664819335937500000e+02 1.169750595092773438e+02
5.989980220794677734e+00 -7.121510028839111328e+00 2.693990173339843750e+02 1.177567901611328125e+02
6.018035888671875000e+00 -8.026008605957031250e+00 2.723159790039062500e+02 1.185384597778320312e+02
6.046092033386230469e+00 -8.930582046508789062e+00 2.752330322265625000e+02 1.193201751708984375e+02
6.074147701263427734e+00 -9.835058212280273438e+00 2.781501159667968750e+02 1.201018829345703125e+02
6.102204322814941406e+00 -1.074340248107910156e+01 2.810672302246093750e+02 1.208836135864257812e+02
6.130260467529296875e+00 -1.165385437011718750e+01 2.839841918945312500e+02 1.216653137207031250e+02
6.158316612243652344e+00 -1.256420898437500000e+01 2.869012451171875000e+02 1.224470214843750000e+02
6.186372756958007812e+00 -1.347455024719238281e+01 2.898184814453125000e+02 1.232287368774414062e+02
6.214428424835205078e+00 -1.438501548767089844e+01 2.927354431152343750e+02 1.240104370117187500e+02
6.242485046386718750e+00 -1.529545593261718750e+01 2.956524963378906250e+02 1.247921600341796875e+02
6.270541191101074219e+00 -1.620591926574707031e+01 2.985695800781250000e+02 1.255738601684570312e+02
6.298597335815429688e+00 -1.711637306213378906e+01 3.014866943359375000e+02 1.263555679321289062e+02
6.326653480529785156e+00 -1.802588844299316406e+01 3.044037475585937500e+02 1.271372680664062500e+02
6.354709148406982422e+00 -1.893477630615234375e+01 3.073207092285156250e+02 1.279189682006835938e+02
6.382765769958496094e+00 -1.984342956542968750e+01 3.102379150390625000e+02 1.287006835937500000e+02
6.410821914672851562e+00 -2.075220489501953125e+01 3.131549987792968750e+02 1.294824066162109375e+02
6.438878059387207031e+00 -2.166109275817871094e+01 3.160719604492187500e+02 1.302640991210937500e+02
6.466933727264404297e+00 -2.256977081298828125e+01 3.189888916015625000e+02 1.310458068847656250e+02
6.494989871978759766e+00 -2.347844696044921875e+01 3.219060974121093750e+02 1.318276214599609375e+02
6.523046016693115234e+00 -2.438666915893554688e+01 3.248237304687500000e+02 1.326097717285156250e+02
6.551102161407470703e+00 -2.529506301879882812e+01 3.277411804199218750e+02 1.333919677734375000e+02
6.579158306121826172e+00 -2.620337104797363281e+01 3.306587524414062500e+02 1.341741485595703125e+02
6.607213973999023438e+00 -2.711176490783691406e+01 3.335762939453125000e+02 1.349563446044921875e+02
6.635270595550537109e+00 -2.802007293701171875e+01 3.364938659667968750e+02 1.357385253906250000e+02
6.663326740264892578e+00 -2.892827033996582031e+01 3.394114074707031250e+02 1.365207061767578125e+02
6.691382884979248047e+00 -2.983656501770019531e+01 3.423288574218750000e+02 1.373028869628906250e+02
6.719439029693603516e+00 -3.074486351013183594e+01 3.452465515136718750e+02 1.380850677490234375e+02
6.747494697570800781e+00 -3.165318107604980469e+01 3.481639404296875000e+02 1.388672332763671875e+02
6.775551319122314453e+00 -3.256156539916992188e+01 3.510815429687500000e+02 1.396494445800781250e+02
6.803607463836669922e+00 -3.346976470947265625e+01 3.539990844726562500e+02 1.404316253662109375e+02
6.831663608551025391e+00 -3.437808227539062500e+01 3.569166259765625000e+02 1.412137908935546875e+02
6.859719753265380859e+00 -3.528628158569335938e+01 3.598341979980468750e+02 1.419959716796875000e+02
6.887775421142578125e+00 -3.619478607177734375e+01 3.627516174316406250e+02 1.427781677246093750e+02
6.915831565856933594e+00 -3.710298156738281250e+01 3.656691589355468750e+02 1.435603485107421875e+02
6.943887710571289062e+00 -3.801118087768554688e+01 3.685867309570312500e+02 1.443425292968750000e+02
6.971943855285644531e+00 -3.891970825195312500e+01 3.715042724609375000e+02 1.451246948242187500e+02
7.000000000000000000e+00 -3.982798004150390625e+01 3.744217529296875000e+02 1.459067993164062500e+02
